kernel line : count latency dram_traffic smem_bk_conflicts smem_warp gmem_access_generated gmem_warp exposed_latency warp_divergence
srad.1.sm_35.ptx 836 : 1149580 10952748 0 0 0 0 0 0 0 
srad.1.sm_35.ptx 835 : 1149580 1734527308 4597888 0 0 143700 35925 0 0 
srad.1.sm_35.ptx 834 : 1149580 10898156 0 0 0 0 0 0 0 
srad.1.sm_35.ptx 833 : 1149580 8149736 0 0 0 0 0 0 0 
srad.1.sm_35.ptx 832 : 1149580 10945804 0 0 0 0 0 0 0 
srad.1.sm_35.ptx 831 : 1149580 11820300 0 0 0 0 0 0 0 
srad.1.sm_35.ptx 830 : 1149580 1824526980 51680 0 0 179480 35925 0 0 
srad.1.sm_35.ptx 829 : 1149580 2333482064 4454016 0 0 143700 35925 0 0 
srad.1.sm_35.ptx 828 : 1149580 36312556 0 0 0 0 0 0 0 
srad.1.sm_35.ptx 827 : 1149580 21457960 0 0 0 0 0 0 0 
srad.1.sm_35.ptx 826 : 1149580 2013440228 3983328 0 0 143700 35925 0 0 
srad.1.sm_35.ptx 825 : 1149580 16400620 0 0 0 0 0 0 0 
srad.1.sm_35.ptx 824 : 1149580 1791234252 4335232 0 0 143700 35925 0 0 
srad.1.sm_35.ptx 823 : 1149580 14107852 0 0 0 0 0 0 0 
srad.1.sm_35.ptx 822 : 1149580 10755968 0 0 0 0 0 0 0 
srad.1.sm_35.ptx 821 : 1149580 10831796 0 0 0 0 0 0 0 
srad.1.sm_35.ptx 820 : 1149580 14005516 0 0 0 0 0 0 0 
srad.1.sm_35.ptx 819 : 1149580 13022444 0 0 0 0 0 0 0 
srad.1.sm_35.ptx 818 : 1149580 14650828 0 0 0 0 0 0 0 
srad.1.sm_35.ptx 817 : 1149580 643096196 9280 0 0 36070 35925 0 0 
srad.1.sm_35.ptx 815 : 1149580 13388728 0 0 0 0 0 0 0 
srad.1.sm_35.ptx 814 : 1149580 10443476 0 0 0 0 0 0 0 
srad.1.sm_35.ptx 801 : 1149580 9968840 0 0 0 0 0 0 0 
srad.1.sm_35.ptx 789 : 1152000 7437152 0 0 0 0 0 0 0 
srad.1.sm_35.ptx 788 : 1152000 13104064 0 0 0 0 0 0 0 
srad.1.sm_35.ptx 787 : 1152000 15198304 0 0 0 0 0 0 0 
srad.1.sm_35.ptx 786 : 1152000 14981664 0 0 0 0 0 0 0 
srad.1.sm_35.ptx 785 : 1152000 14972032 0 0 0 0 0 0 0 
srad.1.sm_35.ptx 784 : 1152000 14970816 0 0 0 0 0 0 0 
srad.1.sm_35.ptx 783 : 1152000 14974432 0 0 0 0 0 0 0 
srad.1.sm_35.ptx 782 : 1152000 14974752 0 0 0 0 0 0 0 
srad.1.sm_35.ptx 781 : 1152000 15046336 0 0 0 0 0 0 0 
srad.1.sm_35.ptx 780 : 1152000 15189280 0 0 0 0 0 0 0 
srad.1.sm_35.ptx 779 : 1152000 17883616 0 0 0 0 0 0 0 
srad.1.sm_35.ptx 778 : 1152000 16015520 0 0 0 0 0 0 0 
srad.1.sm_35.ptx 777 : 1152000 53720704 0 0 0 0 0 0 0 
srad.1.sm_35.ptx 746 : 1379496 36912636 0 0 0 172440 43110 0 0 
srad.1.sm_35.ptx 736 : 1379496 14950660 0 0 0 0 0 0 0 
srad.1.sm_35.ptx 735 : 1379496 11246896 0 0 0 0 0 0 0 
srad.1.sm_35.ptx 734 : 1379496 20974744 0 0 0 172440 43110 0 0 
srad.1.sm_35.ptx 733 : 1379496 14320004 0 0 0 0 0 0 0 
srad.1.sm_35.ptx 732 : 1379496 10331308 0 0 0 0 0 0 0 
srad.1.sm_35.ptx 731 : 1379496 10675660 0 0 0 0 0 0 0 
srad.1.sm_35.ptx 730 : 1379496 10500492 0 0 0 0 0 0 0 
srad.1.sm_35.ptx 729 : 1379496 9981708 0 0 0 0 0 0 0 
srad.1.sm_35.ptx 728 : 1379496 10334572 0 0 0 0 0 0 0 
srad.1.sm_35.ptx 727 : 1379496 10745640 0 0 0 0 0 0 0 
srad.1.sm_35.ptx 726 : 1379496 40134896 0 0 0 0 0 0 0 
srad.1.sm_35.ptx 725 : 1379496 20721704 0 0 0 0 0 0 0 
srad.1.sm_35.ptx 724 : 1379496 10446448 0 0 0 0 0 0 0 
srad.1.sm_35.ptx 723 : 1379496 63033816 0 0 0 0 0 0 0 
srad.1.sm_35.ptx 722 : 1379496 14174592 0 0 0 0 0 0 0 
srad.1.sm_35.ptx 721 : 1379496 13207592 0 0 0 0 0 0 0 
srad.1.sm_35.ptx 720 : 1379496 15390664 0 0 0 0 0 0 0 
srad.1.sm_35.ptx 719 : 1379496 62660192 0 0 0 0 0 0 0 
srad.1.sm_35.ptx 718 : 1379496 13092552 0 0 0 0 0 0 0 
srad.1.sm_35.ptx 717 : 1379496 9355696 0 0 0 0 0 0 0 
srad.1.sm_35.ptx 716 : 1379496 19844296 0 0 0 0 0 0 0 
srad.1.sm_35.ptx 715 : 1379496 9310088 0 0 0 0 0 0 0 
srad.1.sm_35.ptx 714 : 1379496 9279212 0 0 0 0 0 0 0 
srad.1.sm_35.ptx 713 : 1379496 20758464 0 0 0 0 0 0 0 
srad.1.sm_35.ptx 712 : 1379496 19932708 0 0 0 0 0 0 0 
srad.1.sm_35.ptx 711 : 1379496 9396560 0 0 0 0 0 0 0 
srad.1.sm_35.ptx 710 : 1379496 13276712 0 0 0 0 0 0 0 
srad.1.sm_35.ptx 709 : 1379496 9231568 0 0 0 0 0 0 0 
srad.1.sm_35.ptx 708 : 1379496 62260124 0 0 0 0 0 0 0 
srad.1.sm_35.ptx 707 : 1379496 13270816 0 0 0 0 0 0 0 
srad.1.sm_35.ptx 706 : 1379496 12914216 0 0 0 0 0 0 0 
srad.1.sm_35.ptx 705 : 1379496 13228676 0 0 0 0 0 0 0 
srad.1.sm_35.ptx 704 : 1379496 61766752 0 0 0 0 0 0 0 
srad.1.sm_35.ptx 703 : 1379496 12689192 0 0 0 0 0 0 0 
srad.1.sm_35.ptx 702 : 1379496 12780296 0 0 0 0 0 0 0 
srad.1.sm_35.ptx 701 : 1379496 13104228 0 0 0 0 0 0 0 
srad.1.sm_35.ptx 700 : 1379496 12808776 0 0 0 0 0 0 0 
srad.1.sm_35.ptx 699 : 1379496 12848484 0 0 0 0 0 0 0 
srad.1.sm_35.ptx 698 : 1379496 13496224 0 0 0 0 0 0 0 
srad.1.sm_35.ptx 697 : 1379496 500792824 3584 0 0 215466 43110 0 0 
srad.1.sm_35.ptx 696 : 1379496 13705640 0 0 0 0 0 0 0 
srad.1.sm_35.ptx 695 : 1379496 13783016 0 0 0 0 0 0 0 
srad.1.sm_35.ptx 694 : 1379496 14136996 0 0 0 0 0 0 0 
srad.1.sm_35.ptx 693 : 1379496 584626272 9984 0 0 43284 43110 0 0 
srad.1.sm_35.ptx 692 : 1379496 13680720 0 0 0 0 0 0 0 
srad.1.sm_35.ptx 691 : 1379496 8931600 0 0 0 0 0 0 0 
srad.1.sm_35.ptx 690 : 1379496 12812584 0 0 0 0 0 0 0 
srad.1.sm_35.ptx 689 : 1379496 498775360 0 0 0 215454 43110 0 0 
srad.1.sm_35.ptx 688 : 1379496 14441448 0 0 0 0 0 0 0 
srad.1.sm_35.ptx 687 : 1379496 14323012 0 0 0 0 0 0 0 
srad.1.sm_35.ptx 686 : 1379496 14292068 0 0 0 0 0 0 0 
srad.1.sm_35.ptx 685 : 1379496 554006680 9984 0 0 43284 43110 0 0 
srad.1.sm_35.ptx 684 : 1379496 13010088 0 0 0 0 0 0 0 
srad.1.sm_35.ptx 683 : 1379496 13296420 0 0 0 0 0 0 0 
srad.1.sm_35.ptx 682 : 1379496 9278572 0 0 0 0 0 0 0 
srad.1.sm_35.ptx 681 : 1379496 12657896 0 0 0 0 0 0 0 
srad.1.sm_35.ptx 680 : 1379496 93307128 352 0 0 215376 43110 0 0 
srad.1.sm_35.ptx 679 : 1379496 13243012 0 0 0 0 0 0 0 
srad.1.sm_35.ptx 678 : 1379496 12995336 0 0 0 0 0 0 0 
srad.1.sm_35.ptx 677 : 1379496 13107652 0 0 0 0 0 0 0 
srad.1.sm_35.ptx 676 : 1379496 256091320 10080 0 0 205362 43110 0 0 
srad.1.sm_35.ptx 675 : 1379496 13989128 0 0 0 0 0 0 0 
srad.1.sm_35.ptx 674 : 1379496 10448748 0 0 0 0 0 0 0 
srad.1.sm_35.ptx 673 : 1379496 12589160 0 0 0 0 0 0 0 
srad.1.sm_35.ptx 672 : 1379496 1172194160 2112 0 0 172440 43110 0 0 
srad.1.sm_35.ptx 671 : 1379496 15628484 0 0 0 0 0 0 0 
srad.1.sm_35.ptx 670 : 1379496 11169484 0 0 0 0 0 0 0 
srad.1.sm_35.ptx 669 : 1379496 1271713832 2521184 0 0 215376 43110 0 0 
srad.1.sm_35.ptx 668 : 1379496 14802596 0 0 0 0 0 0 0 
srad.1.sm_35.ptx 667 : 1379496 14309024 0 0 0 0 0 0 0 
srad.1.sm_35.ptx 666 : 1379496 14355972 0 0 0 0 0 0 0 
srad.1.sm_35.ptx 665 : 1379496 305700024 10080 0 0 205362 43110 0 0 
srad.1.sm_35.ptx 664 : 1379496 16786760 0 0 0 0 0 0 0 
srad.1.sm_35.ptx 663 : 1379496 16182944 0 0 0 0 0 0 0 
srad.1.sm_35.ptx 662 : 1379496 16191304 0 0 0 0 0 0 0 
srad.1.sm_35.ptx 661 : 1379496 12002520 0 0 0 0 0 0 0 
srad.1.sm_35.ptx 660 : 1379496 16463648 0 0 0 0 0 0 0 
srad.1.sm_35.ptx 659 : 1379496 11543560 0 0 0 0 0 0 0 
srad.1.sm_35.ptx 658 : 1379496 16139036 0 0 0 0 0 0 0 
srad.1.sm_35.ptx 657 : 1379496 12007528 0 0 0 0 0 0 0 
srad.1.sm_35.ptx 656 : 1379496 13021512 0 0 0 0 0 0 0 
srad.1.sm_35.ptx 655 : 1379496 16438304 0 0 0 0 0 0 0 
srad.1.sm_35.ptx 654 : 1379496 15718628 0 0 0 0 0 0 0 
srad.1.sm_35.ptx 653 : 1379496 37248840 0 0 0 0 0 0 0 
srad.1.sm_35.ptx 652 : 1379496 15610412 0 0 0 0 0 0 0 
srad.1.sm_35.ptx 651 : 1379496 9986576 0 0 0 0 0 0 0 
srad.1.sm_35.ptx 649 : 1382400 18336 0 0 0 0 0 0 6 
srad.1.sm_35.ptx 648 : 1382400 9100640 0 0 0 0 0 0 0 
srad.1.sm_35.ptx 647 : 1382400 9609920 0 0 0 0 0 0 0 
srad.1.sm_35.ptx 646 : 1382400 19054208 0 0 0 0 0 0 0 
srad.1.sm_35.ptx 645 : 1382400 9397504 0 0 0 0 0 0 0 
srad.1.sm_35.ptx 644 : 1382400 8989824 0 0 0 0 0 0 0 
srad.1.sm_35.ptx 643 : 1382400 16132832 0 0 0 0 0 0 0 
srad.1.sm_35.ptx 528 : 43104 403721 0 43104 43104 0 0 0 0 
srad.1.sm_35.ptx 191 : 6144 43776 0 0 0 0 0 0 0 
srad.1.sm_35.ptx 527 : 43104 408326 0 0 0 0 0 0 0 
srad.1.sm_35.ptx 190 : 6144 41568 0 0 0 0 0 0 0 
srad.1.sm_35.ptx 526 : 43104 1821168 0 43104 43104 0 0 0 0 
srad.1.sm_35.ptx 189 : 6144 44736 0 0 0 0 0 0 0 
srad.1.sm_35.ptx 525 : 43104 1848677 0 43104 43104 0 0 0 0 
srad.1.sm_35.ptx 188 : 6144 36864 0 0 0 0 0 0 0 
srad.1.sm_35.ptx 524 : 43104 545277 0 43104 43104 0 0 0 0 
srad.1.sm_35.ptx 187 : 6144 40640 0 0 0 0 0 0 0 
srad.1.sm_35.ptx 523 : 43104 419887 0 0 0 0 0 0 0 
srad.1.sm_35.ptx 186 : 6144 40384 0 0 0 0 0 0 0 
srad.1.sm_35.ptx 522 : 43104 1939995 0 43104 43104 0 0 0 0 
srad.1.sm_35.ptx 185 : 6144 41120 0 0 0 0 0 0 0 
srad.1.sm_35.ptx 521 : 43104 1995050 0 43104 43104 0 0 0 0 
srad.1.sm_35.ptx 184 : 6144 42368 0 0 0 0 0 0 0 
srad.1.sm_35.ptx 519 : 1379328 10406824 0 0 0 0 0 0 43104 
srad.1.sm_35.ptx 182 : 6144 41632 0 0 0 0 0 0 0 
srad.1.sm_35.ptx 518 : 1379328 10453504 0 0 0 0 0 0 0 
srad.1.sm_35.ptx 181 : 6144 43136 0 0 0 0 0 0 0 
srad.1.sm_35.ptx 517 : 1379328 12693408 0 0 0 0 0 0 0 
srad.1.sm_35.ptx 180 : 6144 43424 0 0 0 0 0 0 0 
srad.1.sm_35.ptx 516 : 1379328 14140192 0 0 0 0 0 0 0 
srad.1.sm_35.ptx 179 : 6144 45920 0 0 0 0 0 0 0 
srad.1.sm_35.ptx 513 : 86208 911520 0 43104 43104 0 0 0 0 
srad.1.sm_35.ptx 176 : 6144 42976 0 0 0 0 0 0 0 
srad.1.sm_35.ptx 512 : 86208 826986 0 0 0 0 0 0 0 
srad.1.sm_35.ptx 175 : 6144 37984 0 0 0 0 0 0 0 
srad.1.sm_35.ptx 511 : 86208 3681828 0 43104 43104 0 0 0 0 
srad.1.sm_35.ptx 174 : 6144 38912 0 0 0 0 0 0 0 
srad.1.sm_35.ptx 510 : 86208 3752018 0 43104 43104 0 0 0 0 
srad.1.sm_35.ptx 509 : 86208 1124720 0 43104 43104 0 0 0 0 
srad.1.sm_35.ptx 508 : 86208 842390 0 0 0 0 0 0 0 
srad.1.sm_35.ptx 171 : 1379328 10063968 0 0 0 0 0 0 0 
srad.1.sm_35.ptx 507 : 86208 3858822 0 43104 43104 0 0 0 0 
srad.1.sm_35.ptx 170 : 1385472 38208 0 0 0 0 0 0 0 
srad.1.sm_35.ptx 506 : 86208 3977898 0 43104 43104 0 0 0 0 
srad.1.sm_35.ptx 169 : 1385472 11987712 0 0 0 0 0 0 0 
srad.1.sm_35.ptx 501 : 1379328 14644640 0 0 0 0 0 0 0 
srad.1.sm_35.ptx 164 : 1385472 16699328 0 0 0 0 0 0 0 
srad.1.sm_35.ptx 493 : 172416 1694428 0 0 0 0 0 0 0 
srad.1.sm_35.ptx 156 : 1382196 497571922 192 0 0 175140 43200 0 0 
srad.1.sm_35.ptx 492 : 172416 7759572 0 43104 43104 0 0 0 0 
srad.1.sm_35.ptx 155 : 1382196 14994504 0 0 0 0 0 0 0 
srad.1.sm_35.ptx 483 : 344832 3686560 0 43104 43104 0 0 0 0 
srad.1.sm_35.ptx 146 : 1385472 11447680 0 0 0 0 0 0 0 
srad.1.sm_35.ptx 461 : 689664 31387040 0 43104 43104 0 0 0 0 
srad.1.sm_35.ptx 459 : 1379328 7122224 0 0 0 0 0 0 43104 
srad.1.sm_35.ptx 458 : 1379328 11888576 0 0 0 0 0 0 0 
srad.1.sm_35.ptx 457 : 1379328 10382656 0 0 0 0 0 0 0 
srad.1.sm_35.ptx 456 : 1379328 10345568 0 0 0 0 0 0 0 
srad.1.sm_35.ptx 455 : 1379328 10802784 0 0 0 0 0 0 0 
srad.1.sm_35.ptx 454 : 1379328 15540288 0 0 0 0 0 0 0 
srad.1.sm_35.ptx 504 : 1379328 10490670 0 0 0 0 0 0 43104 
srad.1.sm_35.ptx 503 : 1379328 10507456 0 0 0 0 0 0 0 
srad.1.sm_35.ptx 166 : 1385472 0 0 0 0 0 0 0 0 
srad.1.sm_35.ptx 502 : 1379328 12788800 0 0 0 0 0 0 0 
srad.1.sm_35.ptx 165 : 1385472 12411488 0 0 0 0 0 0 0 
srad.1.sm_35.ptx 168 : 1385472 15839680 0 0 0 0 0 0 0 
srad.1.sm_35.ptx 498 : 172416 1863680 0 43104 43104 0 0 0 0 
srad.1.sm_35.ptx 161 : 1385472 18353408 0 0 0 0 0 0 0 
srad.1.sm_35.ptx 497 : 172416 1654792 0 0 0 0 0 0 0 
srad.1.sm_35.ptx 160 : 1385472 8150304 0 0 0 0 0 0 0 
srad.1.sm_35.ptx 163 : 1385472 17826304 0 0 0 0 0 0 0 
srad.1.sm_35.ptx 496 : 172416 7389264 0 43104 43104 0 0 0 0 
srad.1.sm_35.ptx 162 : 1385472 16467520 0 0 0 0 0 0 0 
srad.1.sm_35.ptx 495 : 172416 7508780 0 43104 43104 0 0 0 0 
srad.1.sm_35.ptx 494 : 172416 2302280 0 43104 43104 0 0 0 0 
srad.1.sm_35.ptx 157 : 1382196 6623296 0 43200 43200 0 0 0 0 
srad.1.sm_35.ptx 491 : 172416 8087236 0 43104 43104 0 0 0 0 
srad.1.sm_35.ptx 154 : 1382196 9328850 0 43200 43200 0 0 0 0 
srad.1.sm_35.ptx 489 : 1379328 9235408 0 0 0 0 0 0 43104 
srad.1.sm_35.ptx 152 : 1382196 16244616 0 0 0 0 0 0 0 
srad.1.sm_35.ptx 488 : 1379328 10364736 0 0 0 0 0 0 0 
srad.1.sm_35.ptx 151 : 1382196 16521598 0 0 0 0 0 0 0 
srad.1.sm_35.ptx 487 : 1379328 12533952 0 0 0 0 0 0 0 
srad.1.sm_35.ptx 150 : 1382196 16331800 0 0 0 0 0 0 0 
srad.1.sm_35.ptx 153 : 1382196 577638658 192 0 0 175140 43200 0 0 
srad.1.sm_35.ptx 486 : 1379328 14745344 0 0 0 0 0 0 0 
srad.1.sm_35.ptx 482 : 344832 3304144 0 0 0 0 0 0 0 
srad.1.sm_35.ptx 145 : 1385472 17471456 0 0 0 0 0 0 0 
srad.1.sm_35.ptx 148 : 1385472 26758 0 0 0 0 0 0 12 
srad.1.sm_35.ptx 64 : 230400 1556992 0 0 0 0 0 0 0 
srad.1.sm_35.ptx 477 : 344832 15837960 0 43104 43104 0 0 0 0 
srad.1.sm_35.ptx 849 : 1149580 7985256 0 0 0 0 0 0 0 
srad.1.sm_35.ptx 140 : 1385472 19569792 0 0 0 0 0 0 0 
srad.1.sm_35.ptx 143 : 1385472 12785216 0 0 0 0 0 0 0 
srad.1.sm_35.ptx 480 : 344832 15075560 0 43104 43104 0 0 0 0 
srad.1.sm_35.ptx 61 : 229916 2380656 0 0 0 28740 7185 0 0 
srad.1.sm_35.ptx 474 : 1379328 7821768 0 0 0 0 0 0 43104 
srad.1.sm_35.ptx 846 : 1149580 15660892 0 0 0 0 0 0 0 
srad.1.sm_35.ptx 137 : 1385472 15826624 0 0 0 0 0 0 0 
srad.1.sm_35.ptx 60 : 229916 2149916 0 0 0 0 0 0 0 
srad.1.sm_35.ptx 473 : 1379328 9822368 0 0 0 0 0 0 0 
srad.1.sm_35.ptx 845 : 1149580 7298568 0 0 0 0 0 0 0 
srad.1.sm_35.ptx 136 : 1385472 12865088 0 0 0 0 0 0 0 
srad.1.sm_35.ptx 848 : 1149580 15842268 0 0 0 0 0 0 0 
srad.1.sm_35.ptx 139 : 1385472 11109952 0 0 0 0 0 0 0 
srad.1.sm_35.ptx 476 : 344832 16406584 0 43104 43104 0 0 0 0 
srad.1.sm_35.ptx 59 : 229916 7501896 0 0 0 0 0 0 0 
srad.1.sm_35.ptx 472 : 1379328 11411040 0 0 0 0 0 0 0 
srad.1.sm_35.ptx 844 : 1149580 11138824 0 0 0 0 0 0 0 
srad.1.sm_35.ptx 135 : 1385472 8891776 0 0 0 0 0 0 0 
srad.1.sm_35.ptx 847 : 1149580 7678376 0 0 0 0 0 0 0 
srad.1.sm_35.ptx 138 : 1385472 10078496 0 0 0 0 0 0 0 
srad.1.sm_35.ptx 58 : 229916 1614312 0 0 0 0 0 0 0 
srad.1.sm_35.ptx 471 : 1379328 13330368 0 0 0 0 0 0 0 
srad.1.sm_35.ptx 843 : 1149580 1278809120 4598400 0 0 143700 35925 0 0 
srad.1.sm_35.ptx 134 : 1385472 8716480 0 0 0 0 0 0 0 
srad.1.sm_35.ptx 57 : 229916 1504552 0 0 0 0 0 0 0 
srad.1.sm_35.ptx 56 : 229916 1481288 0 0 0 0 0 0 0 
srad.1.sm_35.ptx 55 : 229916 2245596 0 0 0 0 0 0 0 
srad.1.sm_35.ptx 468 : 689664 6850160 0 43104 43104 0 0 0 0 
srad.1.sm_35.ptx 840 : 1149580 743886500 18752 0 0 179555 35925 0 0 
srad.1.sm_35.ptx 131 : 1385472 18204992 0 0 0 0 0 0 0 
srad.1.sm_35.ptx 54 : 229916 1357992 0 0 0 0 0 0 0 
srad.1.sm_35.ptx 467 : 689664 6526736 0 0 0 0 0 0 0 
srad.1.sm_35.ptx 839 : 1149580 1475359264 4598144 0 0 143700 35925 0 0 
srad.1.sm_35.ptx 130 : 1385472 18040576 0 0 0 0 0 0 0 
srad.1.sm_35.ptx 842 : 1149580 11050572 0 0 0 0 0 0 0 
srad.1.sm_35.ptx 133 : 1385472 8973504 0 0 0 0 0 0 0 
srad.1.sm_35.ptx 53 : 229916 2421752 0 0 0 0 0 0 0 
srad.1.sm_35.ptx 466 : 689664 29346784 0 43104 43104 0 0 0 0 
srad.1.sm_35.ptx 838 : 1149580 10580236 0 0 0 0 0 0 0 
srad.1.sm_35.ptx 129 : 1385472 17956000 0 0 0 0 0 0 0 
srad.1.sm_35.ptx 841 : 1149580 10522668 0 0 0 0 0 0 0 
srad.1.sm_35.ptx 132 : 1385472 16094592 0 0 0 0 0 0 0 
srad.1.sm_35.ptx 52 : 229916 1477192 0 0 0 0 0 0 0 
srad.1.sm_35.ptx 465 : 689664 29778304 0 43104 43104 0 0 0 0 
srad.1.sm_35.ptx 837 : 1149580 7815976 0 0 0 0 0 0 0 
srad.1.sm_35.ptx 128 : 1385472 33905152 0 0 0 0 0 0 0 
srad.1.sm_35.ptx 51 : 229916 2133852 0 0 0 0 0 0 0 
srad.1.sm_35.ptx 464 : 689664 9010080 0 43104 43104 0 0 0 0 
srad.1.sm_35.ptx 50 : 229916 2226872 0 0 0 0 0 0 0 
srad.1.sm_35.ptx 463 : 689664 6728528 0 0 0 0 0 0 0 
srad.1.sm_35.ptx 49 : 229916 1310188 0 0 0 0 0 0 0 
srad.1.sm_35.ptx 462 : 689664 30888592 0 43104 43104 0 0 0 0 
srad.1.sm_35.ptx 48 : 229916 1400776 0 0 0 0 0 0 0 
srad.1.sm_35.ptx 47 : 229916 1264844 0 0 0 0 0 0 0 
srad.1.sm_35.ptx 46 : 229916 1230312 0 0 0 0 0 0 0 
srad.1.sm_35.ptx 791 : 1152000 15674176 0 0 0 0 0 0 0 
srad.1.sm_35.ptx 82 : 1382400 17721280 0 0 0 0 0 0 0 
srad.1.sm_35.ptx 45 : 229916 2184924 0 0 0 0 0 0 0 
srad.1.sm_35.ptx 534 : 1379328 8143210 0 0 0 0 0 0 21552 
srad.1.sm_35.ptx 197 : 6144 44768 0 0 0 0 0 0 0 
srad.1.sm_35.ptx 742 : 1379496 16789988 0 0 0 0 0 0 0 
srad.1.sm_35.ptx 33 : 230400 2892192 0 0 0 0 0 0 0 
srad.1.sm_35.ptx 533 : 1379328 9278240 0 0 0 0 0 0 0 
srad.1.sm_35.ptx 196 : 6144 48224 0 0 0 0 0 0 0 
srad.1.sm_35.ptx 741 : 1379496 13060624 0 0 0 0 0 0 0 
srad.1.sm_35.ptx 32 : 230400 1605600 0 0 0 0 0 0 0 
srad.1.sm_35.ptx 532 : 1379328 10790912 0 0 0 0 0 0 0 
srad.1.sm_35.ptx 195 : 6144 65472 0 0 0 0 0 0 0 
srad.1.sm_35.ptx 740 : 1379496 33031872 0 0 0 172440 43110 0 0 
srad.1.sm_35.ptx 31 : 230400 1644416 0 0 0 0 0 0 0 
srad.1.sm_35.ptx 531 : 1379328 11720288 0 0 0 0 0 0 0 
srad.1.sm_35.ptx 739 : 1379496 15755240 0 0 0 0 0 0 0 
srad.1.sm_35.ptx 30 : 230400 6366816 0 0 0 0 0 0 0 
srad.1.sm_35.ptx 737 : 1379496 24146044 0 0 0 172440 43110 0 0 
srad.1.sm_35.ptx 28 : 230400 57304640 0 0 0 0 0 0 0 
srad.1.sm_35.ptx 816 : 1149580 12657932 0 0 0 0 0 0 0 
srad.1.sm_35.ptx 107 : 1382400 12778656 0 0 0 0 0 0 0 
srad.1.sm_35.ptx 738 : 1379496 11991984 0 0 0 0 0 0 0 
srad.1.sm_35.ptx 29 : 230400 39179552 0 0 0 0 0 0 0 
srad.1.sm_35.ptx 743 : 1379496 38315864 0 0 0 172440 43110 0 0 
srad.1.sm_35.ptx 34 : 230400 1661920 0 0 0 0 0 0 0 
srad.1.sm_35.ptx 536 : 21552 844700 0 21552 21552 0 0 0 0 
srad.1.sm_35.ptx 744 : 1379496 14485088 0 0 0 0 0 0 0 
srad.1.sm_35.ptx 35 : 230400 1925824 0 0 0 0 0 0 0 
srad.1.sm_35.ptx 537 : 21552 859007 0 21552 21552 0 0 0 0 
srad.1.sm_35.ptx 200 : 36864 1011776 0 0 0 0 0 0 0 
srad.1.sm_35.ptx 745 : 1379496 16894600 0 0 0 0 0 0 0 
srad.1.sm_35.ptx 36 : 230400 3456 0 0 0 0 0 0 1 
srad.1.sm_35.ptx 38 : 229916 1791168 0 0 0 0 0 0 0 
srad.1.sm_35.ptx 39 : 229916 1576484 0 0 0 0 0 0 0 
srad.1.sm_35.ptx 749 : 1382400 13993888 0 0 0 0 0 0 0 
srad.1.sm_35.ptx 40 : 229916 2645820 0 0 0 0 0 0 0 
srad.1.sm_35.ptx 41 : 229916 98721400 0 0 0 28740 7185 0 0 
srad.1.sm_35.ptx 42 : 229916 10175280 0 0 0 0 0 0 0 
srad.1.sm_35.ptx 43 : 229916 1171468 0 0 0 0 0 0 0 
srad.1.sm_35.ptx 790 : 1152000 7852256 0 0 0 0 0 0 0 
srad.1.sm_35.ptx 81 : 1382400 35109152 0 0 0 0 0 0 0 
srad.1.sm_35.ptx 44 : 229916 1174092 0 0 0 0 0 0 0 
srad.1.sm_35.ptx 792 : 1152000 8315744 0 0 0 0 0 0 0 
srad.1.sm_35.ptx 83 : 1382400 17986624 0 0 0 0 0 0 0 
srad.1.sm_35.ptx 793 : 1152000 7636608 0 0 0 0 0 0 0 
srad.1.sm_35.ptx 84 : 1382400 18168544 0 0 0 0 0 0 0 
srad.1.sm_35.ptx 794 : 1152000 14332 0 0 0 0 0 0 5 
srad.1.sm_35.ptx 85 : 1382400 15998144 0 0 0 0 0 0 0 
srad.1.sm_35.ptx 86 : 1382400 8459904 0 0 0 0 0 0 0 
srad.1.sm_35.ptx 796 : 1149580 8446948 0 0 0 0 0 0 0 
srad.1.sm_35.ptx 87 : 1382400 9157024 0 0 0 0 0 0 0 
srad.1.sm_35.ptx 797 : 1149580 12990184 0 0 0 0 0 0 0 
srad.1.sm_35.ptx 88 : 1382400 17863072 0 0 0 0 0 0 0 
srad.1.sm_35.ptx 798 : 1149580 31209876 0 0 0 0 0 0 0 
srad.1.sm_35.ptx 89 : 1382400 9552288 0 0 0 0 0 0 0 
srad.1.sm_35.ptx 799 : 1149580 13809836 0 0 0 0 0 0 0 
srad.1.sm_35.ptx 90 : 1382400 11345600 0 0 0 0 0 0 0 
srad.1.sm_35.ptx 800 : 1149580 13946732 0 0 0 0 0 0 0 
srad.1.sm_35.ptx 91 : 1382400 17424 0 0 0 0 0 0 6 
srad.1.sm_35.ptx 802 : 1149580 9680264 0 0 0 0 0 0 0 
srad.1.sm_35.ptx 93 : 1379496 11823700 0 0 0 0 0 0 0 
srad.1.sm_35.ptx 803 : 1149580 13867532 0 0 0 0 0 0 0 
srad.1.sm_35.ptx 94 : 1379496 9118256 0 0 0 0 0 0 0 
srad.1.sm_35.ptx 804 : 1149580 9895572 0 0 0 0 0 0 0 
srad.1.sm_35.ptx 95 : 1379496 15450260 0 0 0 0 0 0 0 
srad.1.sm_35.ptx 805 : 1149580 13397260 0 0 0 0 0 0 0 
srad.1.sm_35.ptx 96 : 1379496 623289888 132992 0 0 172440 43110 0 0 
srad.1.sm_35.ptx 806 : 1149580 9898932 0 0 0 0 0 0 0 
srad.1.sm_35.ptx 97 : 1379496 12052924 0 0 0 0 0 0 0 
srad.1.sm_35.ptx 807 : 1149580 10005856 0 0 0 0 0 0 0 
srad.1.sm_35.ptx 98 : 1379496 16229180 0 0 0 0 0 0 0 
srad.1.sm_35.ptx 808 : 1149580 13105340 0 0 0 0 0 0 0 
srad.1.sm_35.ptx 99 : 1379496 19852880 0 0 0 172440 43110 0 0 
srad.1.sm_35.ptx 809 : 1149580 13188648 0 0 0 0 0 0 0 
srad.1.sm_35.ptx 100 : 1379496 121950804 0 0 0 172440 43110 0 0 
srad.1.sm_35.ptx 810 : 1149580 270371780 10080 0 0 171135 35925 0 0 
srad.1.sm_35.ptx 101 : 1379496 13635176 0 0 0 0 0 0 0 
srad.1.sm_35.ptx 811 : 1149580 12607340 0 0 0 0 0 0 0 
srad.1.sm_35.ptx 102 : 1379496 12775728 0 0 0 0 0 0 0 
srad.1.sm_35.ptx 812 : 1149580 12838412 0 0 0 0 0 0 0 
srad.1.sm_35.ptx 103 : 1379496 16380116 0 0 0 0 0 0 0 
srad.1.sm_35.ptx 813 : 1149580 12920492 0 0 0 0 0 0 0 
srad.1.sm_35.ptx 104 : 1379496 24121628 0 0 0 172440 43110 0 0 
srad.1.sm_35.ptx 850 : 1149580 4913712 0 0 0 143700 35925 0 0 
srad.1.sm_35.ptx 141 : 1385472 15602208 0 0 0 0 0 0 0 
srad.1.sm_35.ptx 478 : 344832 3414128 0 0 0 0 0 0 0 
srad.1.sm_35.ptx 142 : 1385472 11908480 0 0 0 0 0 0 0 
srad.1.sm_35.ptx 479 : 344832 4697384 0 43104 43104 0 0 0 0 
srad.1.sm_35.ptx 853 : 1152000 6902144 0 0 0 0 0 0 0 
srad.1.sm_35.ptx 144 : 1385472 11107520 0 0 0 0 0 0 0 
srad.1.sm_35.ptx 481 : 344832 14810944 0 43104 43104 0 0 0 0 
srad.1.sm_35.ptx 147 : 1385472 17968192 0 0 0 0 0 0 0 
srad.1.sm_35.ptx 546 : 1379328 8631264 0 0 0 0 0 0 0 
srad.1.sm_35.ptx 209 : 1620 15458 0 0 0 0 0 0 0 
srad.1.sm_35.ptx 538 : 21552 199224 0 0 0 0 0 0 0 
srad.1.sm_35.ptx 201 : 36864 222528 0 0 0 0 0 0 0 
srad.1.sm_35.ptx 539 : 21552 165433 0 21552 21552 0 0 0 0 
srad.1.sm_35.ptx 202 : 36864 222368 0 0 0 0 0 0 0 
srad.1.sm_35.ptx 540 : 21552 824211 0 21552 21552 0 0 0 0 
srad.1.sm_35.ptx 203 : 36864 195446 0 0 0 0 0 0 306 
srad.1.sm_35.ptx 541 : 21552 821916 0 21552 21552 0 0 0 0 
srad.1.sm_35.ptx 542 : 21552 198335 0 0 0 0 0 0 0 
srad.1.sm_35.ptx 205 : 1620 56227 0 306 306 0 0 0 0 
srad.1.sm_35.ptx 543 : 21552 130814 0 21552 21552 0 0 0 0 
srad.1.sm_35.ptx 206 : 1620 9958 0 0 0 0 0 0 0 
srad.1.sm_35.ptx 547 : 1379328 8780064 0 0 0 0 0 0 0 
srad.1.sm_35.ptx 210 : 1620 9732 0 0 0 0 0 0 0 
srad.1.sm_35.ptx 548 : 1379328 8552960 0 0 0 0 0 0 0 
srad.1.sm_35.ptx 211 : 1620 15749 0 0 0 0 0 0 0 
srad.1.sm_35.ptx 549 : 1379328 7360750 0 0 0 0 0 0 10776 
srad.1.sm_35.ptx 212 : 1620 57288 0 306 306 0 0 0 0 
srad.1.sm_35.ptx 551 : 10776 382926 0 10776 10776 0 0 0 0 
srad.1.sm_35.ptx 214 : 1620 6708 0 306 306 0 0 0 0 
srad.1.sm_35.ptx 552 : 10776 389321 0 10776 10776 0 0 0 0 
srad.1.sm_35.ptx 215 : 1620 14616 0 0 0 0 0 0 0 
srad.1.sm_35.ptx 561 : 1379328 7512160 0 0 0 0 0 0 0 
srad.1.sm_35.ptx 224 : 36864 221184 0 0 0 0 0 0 0 
srad.1.sm_35.ptx 553 : 10776 98080 0 0 0 0 0 0 0 
srad.1.sm_35.ptx 216 : 1620 59424 0 306 306 0 0 0 0 
srad.1.sm_35.ptx 554 : 10776 61230 0 10776 10776 0 0 0 0 
srad.1.sm_35.ptx 217 : 1620 59770 0 306 306 0 0 0 0 
srad.1.sm_35.ptx 555 : 10776 380761 0 10776 10776 0 0 0 0 
srad.1.sm_35.ptx 218 : 1620 14580 0 0 0 0 0 0 0 
srad.1.sm_35.ptx 556 : 10776 380941 0 10776 10776 0 0 0 0 
srad.1.sm_35.ptx 219 : 1620 6536 0 306 306 0 0 0 0 
srad.1.sm_35.ptx 557 : 10776 98859 0 0 0 0 0 0 0 
srad.1.sm_35.ptx 558 : 10776 54541 0 10776 10776 0 0 0 0 
srad.1.sm_35.ptx 562 : 1379328 8490208 0 0 0 0 0 0 0 
srad.1.sm_35.ptx 225 : 36864 153600 0 0 0 0 0 0 0 
srad.1.sm_35.ptx 563 : 1379328 8424320 0 0 0 0 0 0 0 
srad.1.sm_35.ptx 564 : 1379328 7243257 0 0 0 0 0 0 5388 
srad.1.sm_35.ptx 566 : 5388 186805 0 5388 5388 0 0 0 0 
srad.1.sm_35.ptx 229 : 6144 38400 0 0 0 0 0 0 0 
srad.1.sm_35.ptx 567 : 5388 186867 0 5388 5388 0 0 0 0 
srad.1.sm_35.ptx 230 : 6144 33732 0 0 0 0 0 0 12 
srad.1.sm_35.ptx 568 : 5388 48846 0 0 0 0 0 0 0 
srad.1.sm_35.ptx 569 : 5388 26142 0 5388 5388 0 0 0 0 
srad.1.sm_35.ptx 232 : 12 108 0 0 0 0 0 0 0 
srad.1.sm_35.ptx 576 : 1379328 7348576 0 0 0 0 0 0 0 
srad.1.sm_35.ptx 239 : 12 108 0 0 0 0 0 0 0 
srad.1.sm_35.ptx 570 : 5388 187145 0 5388 5388 0 0 0 0 
srad.1.sm_35.ptx 233 : 12 120 0 0 0 0 0 0 0 
srad.1.sm_35.ptx 571 : 5388 188556 0 5388 5388 0 0 0 0 
srad.1.sm_35.ptx 234 : 12 72 0 0 0 0 0 0 0 
srad.1.sm_35.ptx 572 : 5388 48806 0 0 0 0 0 0 0 
srad.1.sm_35.ptx 235 : 12 408 0 12 12 0 0 0 0 
srad.1.sm_35.ptx 573 : 5388 24585 0 5388 5388 0 0 0 0 
srad.1.sm_35.ptx 236 : 12 408 0 12 12 0 0 0 0 
srad.1.sm_35.ptx 577 : 1379328 8519584 0 0 0 0 0 0 0 
srad.1.sm_35.ptx 240 : 12 120 0 0 0 0 0 0 0 
srad.1.sm_35.ptx 578 : 1379328 8397376 0 0 0 0 0 0 0 
srad.1.sm_35.ptx 241 : 12 108 0 0 0 0 0 0 0 
srad.1.sm_35.ptx 579 : 1379328 7179104 0 0 0 0 0 0 2694 
srad.1.sm_35.ptx 242 : 12 108 0 0 0 0 0 0 0 
srad.1.sm_35.ptx 581 : 2694 92230 0 2694 2694 0 0 0 0 
srad.1.sm_35.ptx 244 : 12 72 0 0 0 0 0 0 0 
srad.1.sm_35.ptx 582 : 2694 92779 0 2694 2694 0 0 0 0 
srad.1.sm_35.ptx 245 : 12 30 0 0 0 0 0 0 0 
srad.1.sm_35.ptx 583 : 2694 24319 0 0 0 0 0 0 0 
srad.1.sm_35.ptx 584 : 2694 11803 0 2694 2694 0 0 0 0 
srad.1.sm_35.ptx 247 : 6 54 0 0 0 0 0 0 0 
srad.1.sm_35.ptx 585 : 2694 92729 0 2694 2694 0 0 0 0 
srad.1.sm_35.ptx 248 : 6 54 0 0 0 0 0 0 0 
srad.1.sm_35.ptx 586 : 2694 92550 0 2694 2694 0 0 0 0 
srad.1.sm_35.ptx 249 : 6 60 0 0 0 0 0 0 0 
srad.1.sm_35.ptx 587 : 2694 24331 0 0 0 0 0 0 0 
srad.1.sm_35.ptx 588 : 2694 11654 0 2694 2694 0 0 0 0 
srad.1.sm_35.ptx 591 : 1379328 7074848 0 0 0 0 0 0 0 
srad.1.sm_35.ptx 254 : 12 108 0 0 0 0 0 0 0 
srad.1.sm_35.ptx 592 : 1379328 8519264 0 0 0 0 0 0 0 
srad.1.sm_35.ptx 255 : 12 1692 0 0 0 12 12 0 0 
srad.1.sm_35.ptx 593 : 1379328 7183463 0 0 0 0 0 0 2694 
srad.1.sm_35.ptx 256 : 12 108 0 0 0 0 0 0 0 
srad.1.sm_35.ptx 601 : 1385472 7229120 0 0 0 0 0 0 0 
srad.1.sm_35.ptx 595 : 2694 90501 0 2694 2694 0 0 0 0 
srad.1.sm_35.ptx 258 : 12 120 0 0 0 0 0 0 0 
srad.1.sm_35.ptx 596 : 2694 11776 0 0 0 2694 2694 0 0 
srad.1.sm_35.ptx 259 : 12 132 0 0 0 0 0 0 0 
srad.1.sm_35.ptx 597 : 2694 91462 0 2694 2694 0 0 0 0 
srad.1.sm_35.ptx 260 : 12 144 0 0 0 0 0 0 0 
srad.1.sm_35.ptx 598 : 2694 11982 0 0 0 2694 2694 0 0 
srad.1.sm_35.ptx 261 : 12 72 0 0 0 0 0 0 0 
srad.1.sm_35.ptx 177 : 6144 48288 0 0 0 0 0 0 0 
srad.1.sm_35.ptx 178 : 6144 40000 0 0 0 0 0 0 0 
srad.1.sm_35.ptx 183 : 6144 42912 0 0 0 0 0 0 0 
srad.1.sm_35.ptx 192 : 6144 37536 0 0 0 0 0 0 0 
srad.1.sm_35.ptx 193 : 6144 0 0 0 0 0 0 0 0 
srad.1.sm_35.ptx 207 : 1620 14929 0 0 0 0 0 0 0 
srad.1.sm_35.ptx 222 : 36864 186336 0 0 0 0 0 0 0 
srad.1.sm_35.ptx 208 : 1620 9732 0 0 0 0 0 0 0 
srad.1.sm_35.ptx 213 : 1620 14580 0 0 0 0 0 0 0 
srad.1.sm_35.ptx 223 : 36864 221184 0 0 0 0 0 0 0 
srad.1.sm_35.ptx 228 : 6144 64512 0 0 0 0 0 0 0 
srad.1.sm_35.ptx 237 : 12 0 0 0 0 0 0 0 0 
srad.1.sm_35.ptx 243 : 12 84 0 0 0 0 0 0 0 
srad.1.sm_35.ptx 265 : 12 72 0 0 0 0 0 0 0 
srad.1.sm_35.ptx 266 : 12 0 0 0 0 0 0 0 0 
srad.1.sm_35.ptx 268 : 12 108 0 0 0 0 0 0 0 
srad.1.sm_35.ptx 269 : 12 108 0 0 0 0 0 0 0 
srad.1.sm_35.ptx 270 : 12 108 0 0 0 0 0 0 0 
srad.1.sm_35.ptx 271 : 12 120 0 0 0 0 0 0 0 
srad.1.sm_35.ptx 274 : 306 13158 0 0 0 306 306 0 0 
srad.1.sm_35.ptx 275 : 306 2754 0 0 0 0 0 0 0 
srad.1.sm_35.ptx 276 : 306 13158 0 0 0 306 306 0 0 
srad.1.sm_35.ptx 277 : 306 2754 0 0 0 0 0 0 0 
srad.1.sm_35.ptx 278 : 306 13158 0 0 0 306 306 0 0 
srad.1.sm_35.ptx 279 : 306 2754 0 0 0 0 0 0 0 
srad.1.sm_35.ptx 280 : 306 13158 0 0 0 306 306 0 0 
srad.1.sm_35.ptx 281 : 306 2754 0 0 0 0 0 0 0 
srad.1.sm_35.ptx 282 : 306 41382 0 0 0 306 306 0 0 
srad.1.sm_35.ptx 283 : 306 2754 0 0 0 0 0 0 0 
srad.1.sm_35.ptx 284 : 306 41382 0 0 0 306 306 0 0 
srad.1.sm_35.ptx 285 : 306 2754 0 0 0 0 0 0 0 
srad.1.sm_35.ptx 286 : 306 13158 0 0 0 306 306 0 0 
srad.1.sm_35.ptx 287 : 306 2754 0 0 0 0 0 0 0 
srad.1.sm_35.ptx 288 : 306 13158 0 0 0 306 306 0 0 
srad.1.sm_35.ptx 289 : 306 2754 0 0 0 0 0 0 0 
srad.1.sm_35.ptx 290 : 306 2754 0 0 0 0 0 0 0 
srad.1.sm_35.ptx 291 : 306 3060 0 0 0 0 0 0 0 
srad.1.sm_35.ptx 292 : 306 3366 0 0 0 0 0 0 0 
srad.1.sm_35.ptx 293 : 306 1836 0 0 0 0 0 0 0 
srad.1.sm_35.ptx 630 : 1382400 76605120 0 0 0 0 0 0 0 
srad.1.sm_35.ptx 294 : 306 1470 0 0 0 0 0 0 0 
srad.1.sm_35.ptx 631 : 1382400 19177088 0 0 0 0 0 0 0 
srad.1.sm_35.ptx 297 : 12 48 0 12 12 0 0 0 0 
srad.1.sm_35.ptx 634 : 1382400 18164160 0 0 0 0 0 0 0 
srad.1.sm_35.ptx 298 : 12 48 0 12 12 0 0 0 0 
srad.1.sm_35.ptx 635 : 1382400 18078464 0 0 0 0 0 0 0 
srad.1.sm_35.ptx 301 : 12 48 0 0 0 12 12 0 0 
srad.1.sm_35.ptx 638 : 1382400 28863264 0 0 0 0 0 0 0 
srad.1.sm_35.ptx 302 : 12 48 0 0 0 12 12 0 0 
srad.1.sm_35.ptx 639 : 1382400 17988768 0 0 0 0 0 0 0 
srad.1.sm_35.ptx 303 : 12 60 0 0 0 0 0 0 0 
srad.1.sm_35.ptx 640 : 1382400 17999328 0 0 0 0 0 0 0 
srad.1.sm_35.ptx 253 : 12 1692 0 0 0 12 12 0 0 
srad.1.sm_35.ptx 257 : 12 108 0 0 0 0 0 0 0 
srad.1.sm_35.ptx 262 : 12 30 0 0 0 0 0 0 0 
srad.1.sm_35.ptx 632 : 1382400 18516800 0 0 0 0 0 0 0 
srad.1.sm_35.ptx 633 : 1382400 18298464 0 0 0 0 0 0 0 
srad.1.sm_35.ptx 636 : 1382400 18015008 0 0 0 0 0 0 0 
srad.1.sm_35.ptx 637 : 1382400 69882656 0 0 0 0 0 0 0 
srad.1.sm_35.ptx 641 : 1382400 17983872 0 0 0 0 0 0 0 
srad.1.sm_35.ptx 642 : 1382400 18236960 0 0 0 0 0 0 0 
