kernel line : count latency dram_traffic smem_bk_conflicts smem_warp gmem_access_generated gmem_warp exposed_latency warp_divergence
srad.1.sm_52.ptx 441 : 24576 133632 0 768 768 0 0 0 0 
srad.1.sm_52.ptx 440 : 24576 13600608 6144 0 0 1536 768 0 0 
srad.1.sm_52.ptx 439 : 24576 229696 0 0 0 0 0 0 0 
srad.1.sm_52.ptx 438 : 24576 230176 0 0 0 0 0 0 0 
srad.1.sm_52.ptx 437 : 24576 236416 0 0 0 0 0 0 0 
srad.1.sm_52.ptx 436 : 24576 244864 0 0 0 0 0 0 0 
srad.1.sm_52.ptx 538 : 786432 6188352 0 0 0 0 0 0 0 
srad.1.sm_52.ptx 537 : 786432 9118432 0 0 0 98304 24576 0 0 
srad.1.sm_52.ptx 536 : 786432 31600128 0 24576 24576 0 0 0 0 
srad.1.sm_52.ptx 535 : 786432 5264512 0 0 0 0 0 0 0 
srad.1.sm_52.ptx 534 : 786432 4524672 0 24576 24576 0 0 0 0 
srad.1.sm_52.ptx 533 : 786432 7815840 0 0 0 0 0 0 0 
srad.1.sm_52.ptx 532 : 786432 7807712 0 0 0 0 0 0 0 
srad.1.sm_52.ptx 531 : 786432 5354752 0 0 0 0 0 0 0 
srad.1.sm_52.ptx 530 : 786432 5573376 0 0 0 0 0 0 0 
srad.1.sm_52.ptx 529 : 786432 11183136 0 0 0 0 0 0 0 
srad.1.sm_52.ptx 528 : 786432 5333472 0 0 0 0 0 0 0 
srad.1.sm_52.ptx 527 : 786432 11038880 0 0 0 0 0 0 0 
srad.1.sm_52.ptx 526 : 786432 5320480 0 0 0 0 0 0 0 
srad.1.sm_52.ptx 525 : 786432 5477792 0 0 0 0 0 0 0 
srad.1.sm_52.ptx 524 : 786432 28287680 0 24576 24576 0 0 0 0 
srad.1.sm_52.ptx 523 : 786432 7248128 0 0 0 0 0 0 0 
srad.1.sm_52.ptx 522 : 786432 29901504 0 49152 24576 0 0 0 0 
srad.1.sm_52.ptx 521 : 786432 385161280 1751808 0 0 98304 24576 0 0 
srad.1.sm_52.ptx 520 : 786432 7532512 0 0 0 0 0 0 0 
srad.1.sm_52.ptx 519 : 786432 5369024 0 0 0 0 0 0 0 
srad.1.sm_52.ptx 518 : 786432 7215616 0 0 0 0 0 0 0 
srad.1.sm_52.ptx 517 : 786432 395586304 1507328 0 0 98304 24576 0 0 
srad.1.sm_52.ptx 516 : 786432 7400736 0 0 0 0 0 0 0 
srad.1.sm_52.ptx 515 : 786432 5107264 0 0 0 0 0 0 0 
srad.1.sm_52.ptx 514 : 786432 7211392 0 0 0 0 0 0 0 
srad.1.sm_52.ptx 513 : 786432 7135232 0 0 0 0 0 0 0 
srad.1.sm_52.ptx 512 : 786432 33752864 0 27648 24576 0 0 0 0 
srad.1.sm_52.ptx 511 : 786432 411677472 1156480 0 0 98304 24576 0 0 
srad.1.sm_52.ptx 510 : 786432 8806272 0 0 0 0 0 0 0 
srad.1.sm_52.ptx 509 : 786432 6008288 0 0 0 0 0 0 0 
srad.1.sm_52.ptx 508 : 786432 398928768 1323136 0 0 98304 24576 0 0 
srad.1.sm_52.ptx 499 : 46080 391320 0 0 0 0 0 0 0 
srad.1.sm_52.ptx 507 : 786432 8347872 0 0 0 0 0 0 0 
srad.1.sm_52.ptx 498 : 46080 481365 0 0 0 0 0 0 0 
srad.1.sm_52.ptx 506 : 786432 6715264 0 0 0 0 0 0 0 
srad.1.sm_52.ptx 497 : 46080 509745 0 0 0 0 0 0 0 
srad.1.sm_52.ptx 270 : 645120 6079950 0 0 0 0 0 0 0 
srad.1.sm_52.ptx 269 : 645120 24184200 0 24576 24576 0 0 0 0 
srad.1.sm_52.ptx 222 : 3072 111887 0 3072 3072 0 0 0 0 
srad.1.sm_52.ptx 221 : 3072 28831 0 0 0 0 0 0 0 
srad.1.sm_52.ptx 220 : 3072 111393 0 3072 3072 0 0 0 0 
srad.1.sm_52.ptx 211 : 3072 24147 0 0 0 0 0 0 0 
srad.1.sm_52.ptx 210 : 3072 32242 0 0 0 0 0 0 0 
srad.1.sm_52.ptx 209 : 3072 31094 0 0 0 0 0 0 0 
srad.1.sm_52.ptx 208 : 3072 27984 0 0 0 0 0 0 0 
srad.1.sm_52.ptx 207 : 3072 112356 0 3072 3072 0 0 0 0 
srad.1.sm_52.ptx 206 : 3072 28863 0 0 0 0 0 0 0 
srad.1.sm_52.ptx 217 : 774144 4887758 0 0 0 0 0 0 0 
srad.1.sm_52.ptx 216 : 777216 19769 0 0 0 0 0 0 3072 
srad.1.sm_52.ptx 215 : 777216 5230888 0 0 0 0 0 0 0 
srad.1.sm_52.ptx 214 : 777216 5187340 0 0 0 0 0 0 0 
srad.1.sm_52.ptx 205 : 3072 107616 0 3072 3072 0 0 0 0 
srad.1.sm_52.ptx 187 : 3072 24061 0 0 0 0 0 0 0 
srad.1.sm_52.ptx 186 : 3072 32381 0 0 0 0 0 0 0 
srad.1.sm_52.ptx 185 : 3072 30776 0 0 0 0 0 0 0 
srad.1.sm_52.ptx 184 : 3072 27961 0 0 0 0 0 0 0 
srad.1.sm_52.ptx 183 : 3072 112597 0 3072 3072 0 0 0 0 
srad.1.sm_52.ptx 182 : 3072 28824 0 0 0 0 0 0 0 
srad.1.sm_52.ptx 181 : 3072 112347 0 3072 3072 0 0 0 0 
srad.1.sm_52.ptx 196 : 3072 22559 0 0 0 0 0 0 0 
srad.1.sm_52.ptx 195 : 3072 23590 0 0 0 0 0 0 0 
srad.1.sm_52.ptx 194 : 3072 30301 0 0 0 0 0 0 0 
srad.1.sm_52.ptx 193 : 3072 27915 0 0 0 0 0 0 0 
srad.1.sm_52.ptx 192 : 3072 110358 0 3072 3072 0 0 0 0 
srad.1.sm_52.ptx 191 : 3072 28780 0 0 0 0 0 0 0 
srad.1.sm_52.ptx 202 : 777216 4846128 0 0 0 0 0 0 0 
srad.1.sm_52.ptx 201 : 780288 19110 0 0 0 0 0 0 3072 
srad.1.sm_52.ptx 200 : 780288 5188412 0 0 0 0 0 0 0 
srad.1.sm_52.ptx 199 : 780288 5173556 0 0 0 0 0 0 0 
srad.1.sm_52.ptx 190 : 3072 114668 0 3072 3072 0 0 0 0 
srad.1.sm_52.ptx 178 : 780288 4872388 0 0 0 0 0 0 0 
srad.1.sm_52.ptx 177 : 783360 19051 0 0 0 0 0 0 3072 
srad.1.sm_52.ptx 176 : 783360 5278247 0 0 0 0 0 0 0 
srad.1.sm_52.ptx 175 : 783360 5253499 0 0 0 0 0 0 0 
srad.1.sm_52.ptx 174 : 783360 5300565 0 0 0 0 0 0 0 
srad.1.sm_52.ptx 172 : 786432 19243 0 0 0 0 0 0 3072 
srad.1.sm_52.ptx 171 : 786432 5433728 0 0 0 0 0 0 0 
srad.1.sm_52.ptx 170 : 786432 6030944 0 0 0 0 0 0 0 
srad.1.sm_52.ptx 169 : 786432 32740800 0 24576 24576 0 0 0 0 
srad.1.sm_52.ptx 168 : 786432 4932000 0 0 0 0 0 0 0 
srad.1.sm_52.ptx 167 : 786432 4562656 0 24576 24576 0 0 0 0 
srad.1.sm_52.ptx 166 : 786432 7983200 0 0 0 0 0 0 0 
srad.1.sm_52.ptx 503 : 691200 7722495 0 0 0 0 0 0 0 
srad.1.sm_52.ptx 165 : 786432 8267840 0 0 0 0 0 0 0 
srad.1.sm_52.ptx 502 : 691200 7352820 0 0 0 0 0 0 0 
srad.1.sm_52.ptx 164 : 786432 5352832 0 0 0 0 0 0 0 
srad.1.sm_52.ptx 155 : 24576 144256 0 768 768 0 0 0 0 
srad.1.sm_52.ptx 492 : 691200 5302845 0 0 0 0 0 0 0 
srad.1.sm_52.ptx 148 : 24576 161888 0 0 0 0 0 0 0 
srad.1.sm_52.ptx 147 : 24576 156160 0 768 768 0 0 0 0 
srad.1.sm_52.ptx 163 : 786432 245532640 1664 0 0 98304 24576 0 0 
srad.1.sm_52.ptx 154 : 24576 8037152 4352 0 0 1536 768 0 0 
srad.1.sm_52.ptx 491 : 737280 349380 0 0 0 0 0 0 3072 
srad.1.sm_52.ptx 162 : 786432 8442912 0 0 0 0 0 0 0 
srad.1.sm_52.ptx 153 : 24576 256288 0 0 0 0 0 0 0 
srad.1.sm_52.ptx 161 : 786432 8134816 0 0 0 0 0 0 0 
srad.1.sm_52.ptx 152 : 24576 248832 0 0 0 0 0 0 0 
srad.1.sm_52.ptx 146 : 24576 6730624 0 0 0 1536 768 0 0 
srad.1.sm_52.ptx 483 : 737280 5901210 0 0 0 0 0 0 0 
srad.1.sm_52.ptx 160 : 786432 5873120 0 0 0 0 0 0 0 
srad.1.sm_52.ptx 91 : 786432 8524960 0 0 0 0 0 0 0 
srad.1.sm_52.ptx 428 : 786432 8066016 0 0 0 0 0 0 0 
srad.1.sm_52.ptx 90 : 786432 5391456 0 0 0 0 0 0 0 
srad.1.sm_52.ptx 427 : 786432 5070720 0 0 0 0 0 0 0 
srad.1.sm_52.ptx 256 : 645120 4180170 0 0 0 0 0 0 0 
srad.1.sm_52.ptx 89 : 786432 332111744 94592 0 0 49152 24576 0 0 
srad.1.sm_52.ptx 426 : 786432 352846720 130656 0 0 49152 24576 0 0 
srad.1.sm_52.ptx 255 : 688128 270046 0 0 0 0 0 0 3072 
srad.1.sm_52.ptx 88 : 786432 8446624 0 0 0 0 0 0 0 
srad.1.sm_52.ptx 425 : 786432 8451904 0 0 0 0 0 0 0 
srad.1.sm_52.ptx 87 : 786432 8446464 0 0 0 0 0 0 0 
srad.1.sm_52.ptx 424 : 786432 8094432 0 0 0 0 0 0 0 
srad.1.sm_52.ptx 86 : 786432 4663904 0 24576 24576 0 0 0 0 
srad.1.sm_52.ptx 423 : 786432 5024608 0 0 0 0 0 0 0 
srad.1.sm_52.ptx 252 : 43008 324520 0 0 0 0 0 0 0 
srad.1.sm_52.ptx 85 : 786432 8390976 0 0 0 0 0 0 0 
srad.1.sm_52.ptx 422 : 786432 4159584 0 24576 24576 0 0 0 0 
srad.1.sm_52.ptx 251 : 43008 448560 0 0 0 0 0 0 0 
srad.1.sm_52.ptx 84 : 786432 6313408 0 0 0 0 0 0 0 
srad.1.sm_52.ptx 421 : 786432 8619648 0 0 0 0 0 0 0 
srad.1.sm_52.ptx 250 : 43008 421904 0 0 0 0 0 0 0 
srad.1.sm_52.ptx 83 : 786432 8479008 0 0 0 0 0 0 0 
srad.1.sm_52.ptx 420 : 786432 6576160 0 0 0 0 0 0 0 
srad.1.sm_52.ptx 249 : 43008 393778 0 0 0 0 0 0 0 
srad.1.sm_52.ptx 82 : 786432 6000416 0 0 0 0 0 0 0 
srad.1.sm_52.ptx 419 : 786432 8815584 0 0 0 0 0 0 0 
srad.1.sm_52.ptx 248 : 43008 1685012 0 3072 3072 0 0 0 0 
srad.1.sm_52.ptx 81 : 786432 6255488 0 0 0 0 0 0 0 
srad.1.sm_52.ptx 418 : 786432 6913824 0 0 0 0 0 0 0 
srad.1.sm_52.ptx 247 : 43008 407414 0 0 0 0 0 0 0 
srad.1.sm_52.ptx 80 : 786432 465645344 96224 0 0 49152 24576 0 0 
srad.1.sm_52.ptx 417 : 786432 6961664 0 0 0 0 0 0 0 
srad.1.sm_52.ptx 159 : 786432 8499008 0 0 0 0 0 0 0 
srad.1.sm_52.ptx 496 : 46080 479250 0 0 0 0 0 0 0 
srad.1.sm_52.ptx 246 : 43008 1621942 0 3072 3072 0 0 0 0 
srad.1.sm_52.ptx 79 : 786432 8969920 0 0 0 0 0 0 0 
srad.1.sm_52.ptx 416 : 786432 515889824 3145728 0 0 98304 24576 0 0 
srad.1.sm_52.ptx 158 : 786432 4982176 0 0 0 0 0 0 0 
srad.1.sm_52.ptx 495 : 46080 515565 0 0 0 0 0 0 0 
srad.1.sm_52.ptx 245 : 43008 457086 0 0 0 0 0 0 0 
srad.1.sm_52.ptx 78 : 786432 9117312 0 0 0 0 0 0 0 
srad.1.sm_52.ptx 415 : 786432 9116416 0 0 0 0 0 0 0 
srad.1.sm_52.ptx 77 : 786432 6673056 0 0 0 0 0 0 0 
srad.1.sm_52.ptx 414 : 786432 9262208 0 0 0 0 0 0 0 
srad.1.sm_52.ptx 76 : 786432 8780960 0 0 0 0 0 0 0 
srad.1.sm_52.ptx 413 : 786432 6869472 0 0 0 0 0 0 0 
srad.1.sm_52.ptx 242 : 43008 337144 0 0 0 0 0 0 0 
srad.1.sm_52.ptx 75 : 786432 9363264 0 0 0 0 0 0 0 
srad.1.sm_52.ptx 412 : 786432 8978976 0 0 0 0 0 0 0 
srad.1.sm_52.ptx 241 : 43008 455430 0 0 0 0 0 0 0 
srad.1.sm_52.ptx 74 : 786432 9091200 0 0 0 0 0 0 0 
srad.1.sm_52.ptx 411 : 786432 9203232 0 0 0 0 0 0 0 
srad.1.sm_52.ptx 240 : 43008 434153 0 0 0 0 0 0 0 
srad.1.sm_52.ptx 73 : 786432 9976352 0 0 0 0 0 0 0 
srad.1.sm_52.ptx 410 : 786432 9230368 0 0 0 0 0 0 0 
srad.1.sm_52.ptx 239 : 43008 393831 0 0 0 0 0 0 0 
srad.1.sm_52.ptx 72 : 786432 6785984 0 0 0 0 0 0 0 
srad.1.sm_52.ptx 409 : 786432 7912320 0 0 0 0 0 0 0 
srad.1.sm_52.ptx 151 : 24576 241536 0 0 0 0 0 0 0 
srad.1.sm_52.ptx 488 : 46080 395965 0 0 0 0 0 0 0 
srad.1.sm_52.ptx 61 : 786432 10298752 0 0 0 0 0 0 0 
srad.1.sm_52.ptx 398 : 786432 10379808 0 0 0 0 0 0 0 
srad.1.sm_52.ptx 60 : 786432 10359840 0 0 0 0 0 0 0 
srad.1.sm_52.ptx 397 : 786432 11324544 0 0 0 0 0 0 0 
srad.1.sm_52.ptx 139 : 761856 4741664 0 0 0 0 0 0 0 
srad.1.sm_52.ptx 476 : 786432 5478432 0 0 0 0 0 0 0 
srad.1.sm_52.ptx 226 : 3072 23623 0 0 0 0 0 0 0 
srad.1.sm_52.ptx 59 : 786432 10476096 0 0 0 0 0 0 0 
srad.1.sm_52.ptx 396 : 786432 10669984 0 0 0 0 0 0 0 
srad.1.sm_52.ptx 138 : 761856 5167808 0 0 0 0 0 0 0 
srad.1.sm_52.ptx 475 : 786432 5764192 0 0 0 0 0 0 0 
srad.1.sm_52.ptx 225 : 3072 32058 0 0 0 0 0 0 0 
srad.1.sm_52.ptx 58 : 786432 10893472 0 0 0 0 0 0 0 
srad.1.sm_52.ptx 395 : 786432 11302368 0 0 0 0 0 0 0 
srad.1.sm_52.ptx 137 : 761856 7393600 0 0 0 0 0 0 0 
srad.1.sm_52.ptx 474 : 786432 32347488 0 24576 24576 0 0 0 0 
srad.1.sm_52.ptx 223 : 3072 28130 0 0 0 0 0 0 0 
srad.1.sm_52.ptx 56 : 786432 69501888 0 0 0 0 0 0 0 
srad.1.sm_52.ptx 393 : 786432 14114528 0 0 0 0 0 0 0 
srad.1.sm_52.ptx 224 : 3072 30464 0 0 0 0 0 0 0 
srad.1.sm_52.ptx 57 : 786432 55885376 0 0 0 0 0 0 0 
srad.1.sm_52.ptx 394 : 786432 20564096 0 0 0 0 0 0 0 
srad.1.sm_52.ptx 136 : 761856 4992864 0 0 0 0 0 0 0 
srad.1.sm_52.ptx 473 : 786432 4865408 0 0 0 0 0 0 0 
srad.1.sm_52.ptx 229 : 774144 8252488 0 0 0 0 0 0 0 
srad.1.sm_52.ptx 62 : 786432 10281408 0 0 0 0 0 0 0 
srad.1.sm_52.ptx 399 : 786432 10330528 0 0 0 0 0 0 0 
srad.1.sm_52.ptx 141 : 24576 257120 0 0 0 0 0 0 0 
srad.1.sm_52.ptx 478 : 786432 8199072 0 0 0 0 0 0 0 
srad.1.sm_52.ptx 230 : 774144 315994 0 0 0 0 0 0 3072 
srad.1.sm_52.ptx 63 : 786432 10525376 0 0 0 0 0 0 0 
srad.1.sm_52.ptx 400 : 786432 10446176 0 0 0 0 0 0 0 
srad.1.sm_52.ptx 142 : 24576 255296 0 0 0 0 0 0 0 
srad.1.sm_52.ptx 479 : 786432 9850272 0 0 0 0 0 0 0 
srad.1.sm_52.ptx 64 : 786432 8892800 0 0 0 0 0 0 0 
srad.1.sm_52.ptx 401 : 786432 9016544 0 0 0 0 0 0 0 
srad.1.sm_52.ptx 143 : 24576 248512 0 0 0 0 0 0 0 
srad.1.sm_52.ptx 480 : 786432 26850 0 0 0 0 0 0 3072 
srad.1.sm_52.ptx 232 : 731136 310653 0 0 0 0 0 0 24576 
srad.1.sm_52.ptx 65 : 786432 5719424 0 0 0 0 0 0 0 
srad.1.sm_52.ptx 402 : 786432 5756192 0 0 0 0 0 0 0 
srad.1.sm_52.ptx 144 : 24576 248128 0 0 0 0 0 0 0 
srad.1.sm_52.ptx 233 : 688128 4885551 0 0 0 0 0 0 0 
srad.1.sm_52.ptx 66 : 786432 9495424 0 0 0 0 0 0 0 
srad.1.sm_52.ptx 403 : 786432 5403008 0 0 0 0 0 0 0 
srad.1.sm_52.ptx 145 : 24576 254400 0 0 0 0 0 0 0 
srad.1.sm_52.ptx 482 : 783360 367387 0 0 0 0 0 0 24576 
srad.1.sm_52.ptx 67 : 786432 6207936 0 0 0 0 0 0 0 
srad.1.sm_52.ptx 404 : 786432 5346432 0 0 0 0 0 0 0 
srad.1.sm_52.ptx 68 : 786432 6117472 0 0 0 0 0 0 0 
srad.1.sm_52.ptx 405 : 786432 5842880 0 0 0 0 0 0 0 
srad.1.sm_52.ptx 236 : 43008 1625412 0 24576 24576 0 0 0 0 
srad.1.sm_52.ptx 69 : 786432 9580160 0 0 0 0 0 0 0 
srad.1.sm_52.ptx 406 : 786432 9738176 0 0 0 0 0 0 0 
srad.1.sm_52.ptx 237 : 43008 406306 0 0 0 0 0 0 0 
srad.1.sm_52.ptx 70 : 786432 6217792 0 0 0 0 0 0 0 
srad.1.sm_52.ptx 407 : 786432 6360608 0 0 0 0 0 0 0 
srad.1.sm_52.ptx 238 : 43008 1665936 0 24576 24576 0 0 0 0 
srad.1.sm_52.ptx 71 : 786432 9734400 0 0 0 0 0 0 0 
srad.1.sm_52.ptx 408 : 786432 10109632 0 0 0 0 0 0 0 
srad.1.sm_52.ptx 259 : 43008 1622530 0 3072 3072 0 0 0 0 
srad.1.sm_52.ptx 92 : 786432 8332864 0 0 0 0 0 0 0 
srad.1.sm_52.ptx 429 : 786432 7981824 0 0 0 0 0 0 0 
srad.1.sm_52.ptx 260 : 43008 407260 0 0 0 0 0 0 0 
srad.1.sm_52.ptx 93 : 786432 4151488 0 24576 24576 0 0 0 0 
srad.1.sm_52.ptx 430 : 786432 4826080 0 24576 24576 0 0 0 0 
srad.1.sm_52.ptx 261 : 43008 414848 0 0 0 0 0 0 0 
srad.1.sm_52.ptx 94 : 786432 5519104 0 0 0 0 0 0 0 
srad.1.sm_52.ptx 431 : 786432 5198528 0 0 0 0 0 0 0 
srad.1.sm_52.ptx 262 : 43008 1565298 0 3072 3072 0 0 0 0 
srad.1.sm_52.ptx 95 : 786432 136032 0 0 0 0 0 0 0 
srad.1.sm_52.ptx 432 : 786432 7802688 0 0 0 0 0 0 0 
srad.1.sm_52.ptx 97 : 761856 5185760 0 0 0 0 0 0 0 
srad.1.sm_52.ptx 434 : 786432 4875392 0 0 0 0 0 0 0 
srad.1.sm_52.ptx 98 : 761856 7770240 0 0 0 0 0 0 0 
srad.1.sm_52.ptx 99 : 761856 5475840 0 0 0 0 0 0 0 
srad.1.sm_52.ptx 100 : 761856 5271968 0 0 0 0 0 0 0 
srad.1.sm_52.ptx 118 : 786432 8676672 0 0 0 0 0 0 0 
srad.1.sm_52.ptx 455 : 786432 4740512 0 0 0 0 0 0 0 
srad.1.sm_52.ptx 119 : 786432 6582432 0 0 0 0 0 0 0 
srad.1.sm_52.ptx 111 : 24576 247360 0 0 0 0 0 0 0 
srad.1.sm_52.ptx 448 : 786432 5038592 0 0 0 0 0 0 0 
srad.1.sm_52.ptx 112 : 24576 237376 0 0 0 0 0 0 0 
srad.1.sm_52.ptx 449 : 786432 8631072 0 0 0 0 0 0 0 
srad.1.sm_52.ptx 120 : 786432 8219168 0 0 0 0 0 0 0 
srad.1.sm_52.ptx 457 : 24576 245696 0 0 0 0 0 0 0 
srad.1.sm_52.ptx 113 : 24576 254528 0 0 0 0 0 0 0 
srad.1.sm_52.ptx 450 : 786432 8362304 0 0 0 0 0 0 0 
srad.1.sm_52.ptx 121 : 786432 8264864 0 0 0 0 0 0 0 
srad.1.sm_52.ptx 458 : 24576 259008 0 0 0 0 0 0 0 
srad.1.sm_52.ptx 114 : 24576 6109664 0 0 0 1536 768 0 0 
srad.1.sm_52.ptx 451 : 786432 4689216 0 24576 24576 0 0 0 0 
srad.1.sm_52.ptx 122 : 786432 8693952 0 0 0 0 0 0 0 
srad.1.sm_52.ptx 459 : 24576 247424 0 0 0 0 0 0 0 
srad.1.sm_52.ptx 123 : 786432 343141344 738816 0 0 49152 24576 0 0 
srad.1.sm_52.ptx 460 : 24576 239200 0 0 0 0 0 0 0 
srad.1.sm_52.ptx 124 : 786432 5560896 0 0 0 0 0 0 0 
srad.1.sm_52.ptx 461 : 24576 236000 0 0 0 0 0 0 0 
srad.1.sm_52.ptx 125 : 786432 8289856 0 0 0 0 0 0 0 
srad.1.sm_52.ptx 462 : 24576 12236864 33152 0 0 1536 768 0 0 
srad.1.sm_52.ptx 115 : 24576 109184 0 768 768 0 0 0 0 
srad.1.sm_52.ptx 452 : 786432 5091456 0 0 0 0 0 0 0 
srad.1.sm_52.ptx 126 : 786432 8354368 0 0 0 0 0 0 0 
srad.1.sm_52.ptx 463 : 24576 141600 0 768 768 0 0 0 0 
srad.1.sm_52.ptx 127 : 786432 6338528 0 24576 24576 0 0 0 0 
srad.1.sm_52.ptx 128 : 786432 329378720 734880 0 0 49152 24576 0 0 
srad.1.sm_52.ptx 129 : 786432 5271680 0 0 0 0 0 0 0 
srad.1.sm_52.ptx 466 : 786432 4893664 0 0 0 0 0 0 0 
srad.1.sm_52.ptx 130 : 786432 8121344 0 0 0 0 0 0 0 
srad.1.sm_52.ptx 467 : 786432 8202688 0 0 0 0 0 0 0 
srad.1.sm_52.ptx 131 : 786432 7932320 0 0 0 0 0 0 0 
srad.1.sm_52.ptx 468 : 786432 387403008 899328 0 0 98304 24576 0 0 
srad.1.sm_52.ptx 132 : 786432 4191328 0 24576 24576 0 0 0 0 
srad.1.sm_52.ptx 469 : 786432 5561920 0 0 0 0 0 0 0 
srad.1.sm_52.ptx 133 : 786432 5381056 0 0 0 0 0 0 0 
srad.1.sm_52.ptx 470 : 786432 8821792 0 0 0 0 0 0 0 
srad.1.sm_52.ptx 134 : 786432 157952 0 0 0 0 0 0 0 
srad.1.sm_52.ptx 471 : 786432 8319840 0 0 0 0 0 0 0 
srad.1.sm_52.ptx 263 : 43008 394212 0 0 0 0 0 0 0 
srad.1.sm_52.ptx 264 : 43008 413490 0 0 0 0 0 0 0 
srad.1.sm_52.ptx 265 : 43008 441392 0 0 0 0 0 0 0 
srad.1.sm_52.ptx 266 : 43008 325556 0 0 0 0 0 0 0 
srad.1.sm_52.ptx 271 : 645120 24699255 0 24576 24576 0 0 0 0 
srad.1.sm_52.ptx 272 : 645120 5932485 0 0 0 0 0 0 0 
srad.1.sm_52.ptx 273 : 645120 282670 0 0 0 0 0 0 24576 
srad.1.sm_52.ptx 280 : 43008 431475 0 0 0 0 0 0 0 
srad.1.sm_52.ptx 275 : 602112 6187398 0 0 0 0 0 0 0 
srad.1.sm_52.ptx 276 : 602112 6194692 0 0 0 0 0 0 0 
srad.1.sm_52.ptx 277 : 602112 4583656 0 0 0 0 0 0 0 
srad.1.sm_52.ptx 283 : 786432 30161824 0 49152 24576 0 0 0 0 
srad.1.sm_52.ptx 284 : 786432 7469216 0 0 0 0 0 0 0 
srad.1.sm_52.ptx 285 : 786432 30277376 0 49152 24576 0 0 0 0 
srad.1.sm_52.ptx 286 : 786432 7277120 0 0 0 0 0 0 0 
srad.1.sm_52.ptx 287 : 786432 7197920 0 0 0 0 0 0 0 
srad.1.sm_52.ptx 288 : 786432 7464352 0 0 0 0 0 0 0 
srad.1.sm_52.ptx 289 : 786432 7237856 0 0 0 0 0 0 0 
srad.1.sm_52.ptx 290 : 786432 7242656 0 0 0 0 0 0 0 
srad.1.sm_52.ptx 291 : 786432 7169440 0 0 0 0 0 0 0 
srad.1.sm_52.ptx 292 : 786432 35185184 0 0 0 0 0 0 0 
srad.1.sm_52.ptx 293 : 786432 7249248 0 0 0 0 0 0 0 
srad.1.sm_52.ptx 294 : 786432 7514752 0 0 0 0 0 0 0 
srad.1.sm_52.ptx 295 : 786432 7497440 0 0 0 0 0 0 0 
srad.1.sm_52.ptx 296 : 786432 35350464 0 0 0 0 0 0 0 
srad.1.sm_52.ptx 297 : 786432 5440480 0 0 0 0 0 0 0 
srad.1.sm_52.ptx 298 : 786432 7253120 0 0 0 0 0 0 0 
srad.1.sm_52.ptx 299 : 786432 5517120 0 0 0 0 0 0 0 
srad.1.sm_52.ptx 300 : 786432 11106880 0 0 0 0 0 0 0 
srad.1.sm_52.ptx 301 : 786432 11524544 0 0 0 0 0 0 0 
srad.1.sm_52.ptx 302 : 786432 5441088 0 0 0 0 0 0 0 
srad.1.sm_52.ptx 303 : 786432 5470720 0 0 0 0 0 0 0 
srad.1.sm_52.ptx 304 : 786432 11072832 0 0 0 0 0 0 0 
srad.1.sm_52.ptx 305 : 786432 5410016 0 0 0 0 0 0 0 
srad.1.sm_52.ptx 306 : 786432 7195264 0 0 0 0 0 0 0 
srad.1.sm_52.ptx 307 : 786432 35365920 0 0 0 0 0 0 0 
srad.1.sm_52.ptx 308 : 786432 7673408 0 0 0 0 0 0 0 
srad.1.sm_52.ptx 309 : 786432 7323616 0 0 0 0 0 0 0 
srad.1.sm_52.ptx 310 : 786432 7555424 0 0 0 0 0 0 0 
srad.1.sm_52.ptx 311 : 786432 35324064 0 0 0 0 0 0 0 
srad.1.sm_52.ptx 312 : 786432 5512672 0 0 0 0 0 0 0 
srad.1.sm_52.ptx 313 : 786432 11116640 0 0 0 0 0 0 0 
srad.1.sm_52.ptx 314 : 786432 22045248 0 0 0 0 0 0 0 
srad.1.sm_52.ptx 315 : 786432 5677120 0 0 0 0 0 0 0 
srad.1.sm_52.ptx 316 : 786432 5628384 0 0 0 0 0 0 0 
srad.1.sm_52.ptx 317 : 786432 5344960 0 0 0 0 0 0 0 
srad.1.sm_52.ptx 318 : 786432 8029056 0 0 0 0 0 0 0 
srad.1.sm_52.ptx 319 : 786432 7924288 0 0 0 0 0 0 0 
srad.1.sm_52.ptx 320 : 786432 0 0 0 0 0 0 0 0 
srad.1.sm_52.ptx 321 : 786432 5961792 0 0 0 0 0 0 0 
srad.1.sm_52.ptx 329 : 786432 5541472 0 0 0 0 0 0 0 
srad.1.sm_52.ptx 330 : 786432 1061895 0 0 0 0 0 0 24301 
srad.1.sm_52.ptx 334 : 163219 1055999 0 0 0 0 0 0 0 
srad.1.sm_52.ptx 335 : 163219 1274940 0 24301 24301 0 0 0 0 
srad.1.sm_52.ptx 331 : 623213 3965909 0 0 0 0 0 0 0 
srad.1.sm_52.ptx 336 : 163219 1055729 0 0 0 0 0 0 0 
srad.1.sm_52.ptx 339 : 623213 4681580 0 24576 24576 0 0 0 0 
srad.1.sm_52.ptx 342 : 786432 5164512 0 0 0 0 0 0 0 
srad.1.sm_52.ptx 343 : 786432 32848960 0 24576 24576 0 0 0 0 
srad.1.sm_52.ptx 344 : 786432 6352000 0 0 0 0 0 0 0 
srad.1.sm_52.ptx 345 : 786432 5793920 0 0 0 0 0 0 0 
srad.1.sm_52.ptx 346 : 786432 8291712 0 0 0 0 0 0 0 
srad.1.sm_52.ptx 347 : 786432 11954848 0 0 0 98304 24576 0 0 
srad.1.sm_52.ptx 348 : 786432 6748960 0 0 0 0 0 0 0 
srad.1.sm_52.ptx 349 : 786432 9434272 0 0 0 0 0 0 0 
srad.1.sm_52.ptx 350 : 786432 14767168 0 0 0 98304 24576 0 0 
srad.1.sm_52.ptx 351 : 786432 7334240 0 0 0 0 0 0 0 
srad.1.sm_52.ptx 352 : 786432 9803168 0 0 0 0 0 0 0 
srad.1.sm_52.ptx 353 : 786432 18657536 0 0 0 98304 24576 0 0 
srad.1.sm_52.ptx 354 : 786432 7642496 0 0 0 0 0 0 0 
srad.1.sm_52.ptx 355 : 786432 10343776 0 0 0 0 0 0 0 
srad.1.sm_52.ptx 356 : 786432 21160992 0 0 0 98304 24576 0 0 
srad.1.sm_52.ptx 357 : 786432 7957280 0 0 0 0 0 0 0 
srad.1.sm_52.ptx 358 : 786432 10491104 0 0 0 0 0 0 0 
srad.1.sm_52.ptx 359 : 786432 21817248 0 0 0 98304 24576 0 0 
srad.1.sm_52.ptx 360 : 786432 8078880 0 0 0 0 0 0 0 
srad.1.sm_52.ptx 102 : 24576 244352 0 0 0 0 0 0 0 
srad.1.sm_52.ptx 103 : 24576 230016 0 0 0 0 0 0 0 
srad.1.sm_52.ptx 104 : 24576 230528 0 0 0 0 0 0 0 
srad.1.sm_52.ptx 105 : 24576 235616 0 0 0 0 0 0 0 
srad.1.sm_52.ptx 106 : 24576 14954752 6144 0 0 1536 768 0 0 
srad.1.sm_52.ptx 107 : 24576 113760 0 768 768 0 0 0 0 
srad.1.sm_52.ptx 444 : 786432 5045440 0 0 0 0 0 0 0 
srad.1.sm_52.ptx 108 : 24576 140448 0 0 0 0 0 0 0 
srad.1.sm_52.ptx 445 : 786432 8025888 0 0 0 0 0 0 0 
srad.1.sm_52.ptx 433 : 786432 5429408 0 0 0 0 0 0 0 
srad.1.sm_52.ptx 446 : 786432 8326656 0 0 0 0 0 0 0 
srad.1.sm_52.ptx 447 : 786432 343155264 926752 0 0 49152 24576 0 0 
srad.1.sm_52.ptx 453 : 786432 7813184 0 0 0 0 0 0 0 
srad.1.sm_52.ptx 454 : 786432 5372992 0 0 0 0 0 0 0 
srad.1.sm_52.ptx 472 : 786432 4453696 0 24576 24576 0 0 0 0 
srad.1.sm_52.ptx 477 : 786432 5588448 0 0 0 0 0 0 0 
srad.1.sm_52.ptx 486 : 46080 539351 0 0 0 0 0 0 0 
srad.1.sm_52.ptx 487 : 46080 511940 0 0 0 0 0 0 0 
