kernel line : count latency dram_traffic smem_bk_conflicts smem_warp gmem_access_generated gmem_warp exposed_latency warp_divergence
needle.1.sm_52.ptx 817 : 10944 54720 0 0 0 0 0 0 0 
needle.1.sm_52.ptx 816 : 10944 54720 0 0 0 1710 342 0 0 
needle.1.sm_52.ptx 815 : 10944 98496 0 0 0 0 0 0 0 
needle.1.sm_52.ptx 814 : 10944 372096 0 342 342 0 0 0 0 
needle.1.sm_52.ptx 813 : 10944 43776 0 0 0 1368 342 0 0 
needle.1.sm_52.ptx 812 : 10944 98496 0 0 0 0 0 0 0 
needle.1.sm_52.ptx 811 : 10944 385600 0 342 342 0 0 0 0 
needle.1.sm_52.ptx 810 : 10944 57280 0 0 0 1710 342 0 0 
needle.1.sm_52.ptx 809 : 10944 98496 0 0 0 0 0 0 0 
needle.1.sm_52.ptx 808 : 10944 388544 0 342 342 0 0 0 0 
needle.1.sm_52.ptx 807 : 10944 56384 0 0 0 1710 342 0 0 
needle.1.sm_52.ptx 806 : 10944 98496 0 0 0 0 0 0 0 
needle.1.sm_52.ptx 805 : 10944 390400 0 342 342 0 0 0 0 
needle.1.sm_52.ptx 804 : 10944 57664 0 0 0 1710 342 0 0 
needle.1.sm_52.ptx 803 : 10944 98496 0 0 0 0 0 0 0 
needle.1.sm_52.ptx 802 : 10944 383040 0 342 342 0 0 0 0 
needle.1.sm_52.ptx 801 : 10944 54720 0 0 0 1710 342 0 0 
needle.1.sm_52.ptx 800 : 10944 98496 0 0 0 0 0 0 0 
needle.1.sm_52.ptx 799 : 10944 383040 0 342 342 0 0 0 0 
needle.1.sm_52.ptx 798 : 10944 54720 0 0 0 1710 342 0 0 
needle.1.sm_52.ptx 797 : 10944 98496 0 0 0 0 0 0 0 
needle.1.sm_52.ptx 796 : 10944 383232 0 342 342 0 0 0 0 
needle.1.sm_52.ptx 795 : 10944 54912 0 0 0 1710 342 0 0 
needle.1.sm_52.ptx 794 : 10944 98496 0 0 0 0 0 0 0 
needle.1.sm_52.ptx 793 : 10944 384800 0 342 342 0 0 0 0 
needle.1.sm_52.ptx 792 : 10944 56192 0 0 0 1710 342 0 0 
needle.1.sm_52.ptx 791 : 10944 98496 0 0 0 0 0 0 0 
needle.1.sm_52.ptx 388 : 45144 406296 0 0 0 0 0 0 0 
needle.1.sm_52.ptx 372 : 43776 393984 0 0 0 0 0 0 0 
needle.1.sm_52.ptx 371 : 43776 2632032 0 43776 2052 0 0 0 0 
needle.1.sm_52.ptx 370 : 43776 437760 0 0 0 0 0 0 0 
needle.1.sm_52.ptx 369 : 43776 393984 0 0 0 0 0 0 0 
needle.1.sm_52.ptx 368 : 43776 2604672 0 43776 2052 0 0 0 0 
needle.1.sm_52.ptx 367 : 43776 437760 0 0 0 0 0 0 0 
needle.1.sm_52.ptx 366 : 43776 393984 0 0 0 0 0 0 0 
needle.1.sm_52.ptx 365 : 43776 2951552 0 43776 2052 0 0 0 0 
needle.1.sm_52.ptx 364 : 43776 393984 0 0 0 0 0 0 0 
needle.1.sm_52.ptx 363 : 43776 1666816 0 2052 2052 0 0 0 0 
needle.1.sm_52.ptx 362 : 43776 393984 0 0 0 0 0 0 0 
needle.1.sm_52.ptx 360 : 87552 218880 0 0 0 0 0 0 1368 
needle.1.sm_52.ptx 359 : 87552 525312 0 0 0 0 0 0 0 
needle.1.sm_52.ptx 358 : 87552 787968 0 0 0 0 0 0 0 
needle.1.sm_52.ptx 354 : 42408 1279422 0 42408 2052 0 0 0 0 
needle.1.sm_52.ptx 353 : 42408 424080 0 0 0 0 0 0 0 
needle.1.sm_52.ptx 357 : 87552 437760 0 0 0 0 0 0 0 
needle.1.sm_52.ptx 352 : 42408 381672 0 0 0 0 0 0 0 
needle.1.sm_52.ptx 351 : 42408 424080 0 0 0 0 0 0 0 
needle.1.sm_52.ptx 350 : 42408 381672 0 0 0 0 0 0 0 
needle.1.sm_52.ptx 349 : 42408 2546019 0 42408 2052 0 0 0 0 
needle.1.sm_52.ptx 348 : 42408 424080 0 0 0 0 0 0 0 
needle.1.sm_52.ptx 347 : 42408 381672 0 0 0 0 0 0 0 
needle.1.sm_52.ptx 346 : 42408 2517120 0 42408 2052 0 0 0 0 
needle.1.sm_52.ptx 345 : 42408 424080 0 0 0 0 0 0 0 
needle.1.sm_52.ptx 344 : 42408 381672 0 0 0 0 0 0 0 
needle.1.sm_52.ptx 343 : 42408 2824416 0 42408 2052 0 0 0 0 
needle.1.sm_52.ptx 342 : 42408 381672 0 0 0 0 0 0 0 
needle.1.sm_52.ptx 341 : 42408 1633896 0 2052 2052 0 0 0 0 
needle.1.sm_52.ptx 340 : 42408 381672 0 0 0 0 0 0 0 
needle.1.sm_52.ptx 338 : 87552 225720 0 0 0 0 0 0 1368 
needle.1.sm_52.ptx 337 : 87552 525312 0 0 0 0 0 0 0 
needle.1.sm_52.ptx 336 : 87552 787968 0 0 0 0 0 0 0 
needle.1.sm_52.ptx 335 : 87552 437760 0 0 0 0 0 0 0 
needle.1.sm_52.ptx 332 : 41040 1235646 0 41040 2052 0 0 0 0 
needle.1.sm_52.ptx 331 : 41040 410400 0 0 0 0 0 0 0 
needle.1.sm_52.ptx 330 : 41040 369360 0 0 0 0 0 0 0 
needle.1.sm_52.ptx 329 : 41040 410400 0 0 0 0 0 0 0 
needle.1.sm_52.ptx 328 : 41040 369360 0 0 0 0 0 0 0 
needle.1.sm_52.ptx 327 : 41040 2461716 0 41040 2052 0 0 0 0 
needle.1.sm_52.ptx 326 : 41040 410400 0 0 0 0 0 0 0 
needle.1.sm_52.ptx 325 : 41040 369360 0 0 0 0 0 0 0 
needle.1.sm_52.ptx 324 : 41040 2432304 0 41040 2052 0 0 0 0 
needle.1.sm_52.ptx 323 : 41040 410400 0 0 0 0 0 0 0 
needle.1.sm_52.ptx 322 : 41040 369360 0 0 0 0 0 0 0 
needle.1.sm_52.ptx 321 : 41040 2716848 0 41040 2052 0 0 0 0 
needle.1.sm_52.ptx 320 : 41040 369360 0 0 0 0 0 0 0 
needle.1.sm_52.ptx 319 : 41040 1584144 0 2052 2052 0 0 0 0 
needle.1.sm_52.ptx 318 : 41040 369360 0 0 0 0 0 0 0 
needle.1.sm_52.ptx 316 : 87552 232560 0 0 0 0 0 0 1368 
needle.1.sm_52.ptx 315 : 87552 525312 0 0 0 0 0 0 0 
needle.1.sm_52.ptx 314 : 87552 787968 0 0 0 0 0 0 0 
needle.1.sm_52.ptx 310 : 39672 1161432 0 39672 2052 0 0 0 0 
needle.1.sm_52.ptx 309 : 39672 396720 0 0 0 0 0 0 0 
needle.1.sm_52.ptx 308 : 39672 357048 0 0 0 0 0 0 0 
needle.1.sm_52.ptx 307 : 39672 396720 0 0 0 0 0 0 0 
needle.1.sm_52.ptx 306 : 39672 357048 0 0 0 0 0 0 0 
needle.1.sm_52.ptx 305 : 39672 2350224 0 39672 2052 0 0 0 0 
needle.1.sm_52.ptx 304 : 39672 396720 0 0 0 0 0 0 0 
needle.1.sm_52.ptx 303 : 39672 357048 0 0 0 0 0 0 0 
needle.1.sm_52.ptx 302 : 39672 2612880 0 39672 2052 0 0 0 0 
needle.1.sm_52.ptx 301 : 39672 396720 0 0 0 0 0 0 0 
needle.1.sm_52.ptx 300 : 39672 357048 0 0 0 0 0 0 0 
needle.1.sm_52.ptx 299 : 39672 2583198 0 2052 2052 0 0 0 0 
needle.1.sm_52.ptx 298 : 39672 357048 0 0 0 0 0 0 0 
needle.1.sm_52.ptx 313 : 87552 437760 0 0 0 0 0 0 0 
needle.1.sm_52.ptx 297 : 39672 2630736 0 39672 2052 0 0 0 0 
needle.1.sm_52.ptx 296 : 39672 357048 0 0 0 0 0 0 0 
needle.1.sm_52.ptx 294 : 87552 239400 0 0 0 0 0 0 1368 
needle.1.sm_52.ptx 293 : 87552 536256 0 0 0 0 0 0 0 
needle.1.sm_52.ptx 290 : 10944 98496 0 0 0 0 0 0 0 
needle.1.sm_52.ptx 289 : 10944 109440 0 0 0 0 0 0 0 
needle.1.sm_52.ptx 288 : 10944 98496 0 0 0 0 0 0 0 
needle.1.sm_52.ptx 287 : 10944 98496 0 0 0 0 0 0 0 
needle.1.sm_52.ptx 286 : 10944 65664 0 0 0 0 0 0 0 
needle.1.sm_52.ptx 285 : 10944 98496 0 0 0 0 0 0 0 
needle.1.sm_52.ptx 284 : 10944 65664 0 0 0 0 0 0 0 
needle.1.sm_52.ptx 283 : 10944 54720 0 0 0 0 0 0 0 
needle.1.sm_52.ptx 282 : 10944 43776 0 342 342 0 0 0 0 
needle.1.sm_52.ptx 281 : 10944 98496 0 0 0 0 0 0 0 
needle.1.sm_52.ptx 280 : 10944 99968 0 0 0 0 0 0 0 
needle.1.sm_52.ptx 279 : 10944 98496 0 0 0 0 0 0 0 
needle.1.sm_52.ptx 278 : 10944 65664 0 0 0 0 0 0 0 
needle.1.sm_52.ptx 277 : 10944 3023520 4608 0 0 1710 342 0 0 
needle.1.sm_52.ptx 276 : 10944 98496 0 0 0 0 0 0 0 
needle.1.sm_52.ptx 275 : 10944 98496 0 0 0 0 0 0 0 
needle.1.sm_52.ptx 274 : 10944 98496 0 0 0 0 0 0 0 
needle.1.sm_52.ptx 273 : 10944 54720 0 0 0 0 0 0 0 
needle.1.sm_52.ptx 272 : 10944 43776 0 342 342 0 0 0 0 
needle.1.sm_52.ptx 271 : 10944 98496 0 0 0 0 0 0 0 
needle.1.sm_52.ptx 270 : 10944 54720 0 0 0 0 0 0 0 
needle.1.sm_52.ptx 269 : 10944 6567456 311040 0 0 10944 342 0 0 
needle.1.sm_52.ptx 268 : 10944 98496 0 0 0 0 0 0 0 
needle.1.sm_52.ptx 267 : 10944 98496 0 0 0 0 0 0 0 
needle.1.sm_52.ptx 266 : 10944 98496 0 0 0 0 0 0 0 
needle.1.sm_52.ptx 265 : 10944 98496 0 0 0 0 0 0 0 
needle.1.sm_52.ptx 264 : 10944 54720 0 0 0 0 0 0 0 
needle.1.sm_52.ptx 263 : 10944 43776 0 342 342 0 0 0 0 
needle.1.sm_52.ptx 262 : 10944 5776160 44352 0 0 1710 342 0 0 
needle.1.sm_52.ptx 261 : 10944 98496 0 0 0 0 0 0 0 
needle.1.sm_52.ptx 260 : 10944 43840 0 342 342 0 0 0 0 
needle.1.sm_52.ptx 259 : 10944 5767008 43776 0 0 1368 342 0 0 
needle.1.sm_52.ptx 258 : 10944 98496 0 0 0 0 0 0 0 
needle.1.sm_52.ptx 257 : 10944 43776 0 342 342 0 0 0 0 
needle.1.sm_52.ptx 256 : 10944 5768736 44352 0 0 1710 342 0 0 
needle.1.sm_52.ptx 255 : 10944 98496 0 0 0 0 0 0 0 
needle.1.sm_52.ptx 254 : 10944 43776 0 342 342 0 0 0 0 
needle.1.sm_52.ptx 253 : 10944 5755296 44352 0 0 1710 342 0 0 
needle.1.sm_52.ptx 252 : 10944 98496 0 0 0 0 0 0 0 
needle.1.sm_52.ptx 251 : 10944 43808 0 342 342 0 0 0 0 
needle.1.sm_52.ptx 250 : 10944 5754112 44352 0 0 1710 342 0 0 
needle.1.sm_52.ptx 249 : 10944 98496 0 0 0 0 0 0 0 
needle.1.sm_52.ptx 248 : 10944 43776 0 342 342 0 0 0 0 
needle.1.sm_52.ptx 247 : 10944 5749216 44352 0 0 1710 342 0 0 
needle.1.sm_52.ptx 246 : 10944 98496 0 0 0 0 0 0 0 
needle.1.sm_52.ptx 245 : 10944 43776 0 342 342 0 0 0 0 
needle.1.sm_52.ptx 244 : 10944 5779904 44352 0 0 1710 342 0 0 
needle.1.sm_52.ptx 243 : 10944 98496 0 0 0 0 0 0 0 
needle.1.sm_52.ptx 242 : 10944 43776 0 342 342 0 0 0 0 
needle.1.sm_52.ptx 241 : 10944 5775872 44352 0 0 1710 342 0 0 
needle.1.sm_52.ptx 240 : 10944 98496 0 0 0 0 0 0 0 
needle.1.sm_52.ptx 239 : 10944 43904 0 342 342 0 0 0 0 
needle.1.sm_52.ptx 238 : 10944 5757952 44352 0 0 1710 342 0 0 
needle.1.sm_52.ptx 237 : 10944 98496 0 0 0 0 0 0 0 
needle.1.sm_52.ptx 236 : 10944 43776 0 342 342 0 0 0 0 
needle.1.sm_52.ptx 235 : 10944 5771232 43776 0 0 1368 342 0 0 
needle.1.sm_52.ptx 234 : 10944 98496 0 0 0 0 0 0 0 
needle.1.sm_52.ptx 233 : 10944 43776 0 342 342 0 0 0 0 
needle.1.sm_52.ptx 232 : 10944 5776736 44352 0 0 1710 342 0 0 
needle.1.sm_52.ptx 231 : 10944 98496 0 0 0 0 0 0 0 
needle.1.sm_52.ptx 230 : 10944 43776 0 342 342 0 0 0 0 
needle.1.sm_52.ptx 229 : 10944 5774976 44352 0 0 1710 342 0 0 
needle.1.sm_52.ptx 228 : 10944 98496 0 0 0 0 0 0 0 
needle.1.sm_52.ptx 227 : 10944 43776 0 342 342 0 0 0 0 
needle.1.sm_52.ptx 226 : 10944 5776352 44352 0 0 1710 342 0 0 
needle.1.sm_52.ptx 225 : 10944 98496 0 0 0 0 0 0 0 
needle.1.sm_52.ptx 224 : 10944 43776 0 342 342 0 0 0 0 
needle.1.sm_52.ptx 223 : 10944 5776736 44352 0 0 1710 342 0 0 
needle.1.sm_52.ptx 222 : 10944 98496 0 0 0 0 0 0 0 
needle.1.sm_52.ptx 221 : 10944 43776 0 342 342 0 0 0 0 
needle.1.sm_52.ptx 220 : 10944 5775552 44352 0 0 1710 342 0 0 
needle.1.sm_52.ptx 219 : 10944 98496 0 0 0 0 0 0 0 
needle.1.sm_52.ptx 218 : 10944 43840 0 342 342 0 0 0 0 
needle.1.sm_52.ptx 217 : 10944 5772256 44352 0 0 1710 342 0 0 
needle.1.sm_52.ptx 216 : 10944 98496 0 0 0 0 0 0 0 
needle.1.sm_52.ptx 215 : 10944 43776 0 342 342 0 0 0 0 
needle.1.sm_52.ptx 214 : 10944 5775232 44352 0 0 1710 342 0 0 
needle.1.sm_52.ptx 213 : 10944 98496 0 0 0 0 0 0 0 
needle.1.sm_52.ptx 212 : 10944 43776 0 342 342 0 0 0 0 
needle.1.sm_52.ptx 211 : 10944 5792256 43776 0 0 1368 342 0 0 
needle.1.sm_52.ptx 210 : 10944 98496 0 0 0 0 0 0 0 
needle.1.sm_52.ptx 209 : 10944 43776 0 342 342 0 0 0 0 
needle.1.sm_52.ptx 208 : 10944 5795456 44352 0 0 1710 342 0 0 
needle.1.sm_52.ptx 207 : 10944 98496 0 0 0 0 0 0 0 
needle.1.sm_52.ptx 206 : 10944 43808 0 342 342 0 0 0 0 
needle.1.sm_52.ptx 205 : 10944 5795200 44352 0 0 1710 342 0 0 
needle.1.sm_52.ptx 114 : 10944 98496 0 0 0 0 0 0 0 
needle.1.sm_52.ptx 113 : 10944 43776 0 342 342 0 0 0 0 
needle.1.sm_52.ptx 112 : 10944 5743776 44352 0 0 1710 342 0 0 
needle.1.sm_52.ptx 111 : 10944 98496 0 0 0 0 0 0 0 
needle.1.sm_52.ptx 110 : 10944 43776 0 342 342 0 0 0 0 
needle.1.sm_52.ptx 109 : 10944 5743232 44352 0 0 1710 342 0 0 
needle.1.sm_52.ptx 108 : 10944 98496 0 0 0 0 0 0 0 
needle.1.sm_52.ptx 107 : 10944 43776 0 342 342 0 0 0 0 
needle.1.sm_52.ptx 106 : 10944 5742880 44352 0 0 1710 342 0 0 
needle.1.sm_52.ptx 105 : 10944 98496 0 0 0 0 0 0 0 
needle.1.sm_52.ptx 104 : 10944 43776 0 342 342 0 0 0 0 
needle.1.sm_52.ptx 103 : 10944 5741152 44352 0 0 1710 342 0 0 
needle.1.sm_52.ptx 102 : 10944 98496 0 0 0 0 0 0 0 
needle.1.sm_52.ptx 101 : 10944 43776 0 342 342 0 0 0 0 
needle.1.sm_52.ptx 100 : 10944 5746720 44352 0 0 1710 342 0 0 
needle.1.sm_52.ptx 99 : 10944 98496 0 0 0 0 0 0 0 
needle.1.sm_52.ptx 98 : 10944 43840 0 342 342 0 0 0 0 
needle.1.sm_52.ptx 97 : 10944 5743424 44352 0 0 1710 342 0 0 
needle.1.sm_52.ptx 96 : 10944 98496 0 0 0 0 0 0 0 
needle.1.sm_52.ptx 95 : 10944 43776 0 342 342 0 0 0 0 
needle.1.sm_52.ptx 94 : 10944 5744640 44352 0 0 1710 342 0 0 
needle.1.sm_52.ptx 93 : 10944 98496 0 0 0 0 0 0 0 
needle.1.sm_52.ptx 92 : 10944 43776 0 342 342 0 0 0 0 
needle.1.sm_52.ptx 91 : 10944 5749664 43776 0 0 1368 342 0 0 
needle.1.sm_52.ptx 90 : 10944 98496 0 0 0 0 0 0 0 
needle.1.sm_52.ptx 89 : 10944 43776 0 342 342 0 0 0 0 
needle.1.sm_52.ptx 88 : 10944 5753568 44352 0 0 1710 342 0 0 
needle.1.sm_52.ptx 87 : 10944 98496 0 0 0 0 0 0 0 
needle.1.sm_52.ptx 86 : 10944 43776 0 342 342 0 0 0 0 
needle.1.sm_52.ptx 85 : 10944 5748256 44352 0 0 1710 342 0 0 
needle.1.sm_52.ptx 84 : 10944 98496 0 0 0 0 0 0 0 
needle.1.sm_52.ptx 83 : 10944 43776 0 342 342 0 0 0 0 
needle.1.sm_52.ptx 82 : 10944 5748320 44352 0 0 1710 342 0 0 
needle.1.sm_52.ptx 81 : 10944 98496 0 0 0 0 0 0 0 
needle.1.sm_52.ptx 790 : 10944 373664 0 342 342 0 0 0 0 
needle.1.sm_52.ptx 80 : 10944 43776 0 342 342 0 0 0 0 
needle.1.sm_52.ptx 789 : 10944 45152 0 0 0 1368 342 0 0 
needle.1.sm_52.ptx 79 : 10944 5753152 44352 0 0 1710 342 0 0 
needle.1.sm_52.ptx 788 : 10944 98496 0 0 0 0 0 0 0 
needle.1.sm_52.ptx 78 : 10944 98496 0 0 0 0 0 0 0 
needle.1.sm_52.ptx 787 : 10944 381568 0 342 342 0 0 0 0 
needle.1.sm_52.ptx 77 : 10944 98496 0 0 0 0 0 0 0 
needle.1.sm_52.ptx 786 : 10944 54720 0 0 0 1710 342 0 0 
needle.1.sm_52.ptx 76 : 10944 98496 0 0 0 0 0 0 0 
needle.1.sm_52.ptx 785 : 10944 98496 0 0 0 0 0 0 0 
needle.1.sm_52.ptx 75 : 10944 98496 0 0 0 0 0 0 0 
needle.1.sm_52.ptx 784 : 10944 383040 0 342 342 0 0 0 0 
needle.1.sm_52.ptx 389 : 45144 451440 0 0 0 0 0 0 0 
needle.1.sm_52.ptx 52 : 171 1539 0 0 0 0 0 0 0 
needle.1.sm_52.ptx 761 : 10944 98496 0 0 0 0 0 0 0 
needle.1.sm_52.ptx 387 : 45144 3066192 0 45144 2052 0 0 0 0 
needle.1.sm_52.ptx 50 : 10944 53865 0 0 0 0 0 0 171 
needle.1.sm_52.ptx 759 : 10944 57600 0 0 0 1710 342 0 0 
needle.1.sm_52.ptx 386 : 45144 406296 0 0 0 0 0 0 0 
needle.1.sm_52.ptx 49 : 10944 65664 0 0 0 0 0 0 0 
needle.1.sm_52.ptx 758 : 10944 98496 0 0 0 0 0 0 0 
needle.1.sm_52.ptx 385 : 45144 1719927 0 2052 2052 0 0 0 0 
needle.1.sm_52.ptx 48 : 10944 76608 0 0 0 0 0 0 0 
needle.1.sm_52.ptx 757 : 10944 390400 0 342 342 0 0 0 0 
needle.1.sm_52.ptx 384 : 45144 406296 0 0 0 0 0 0 0 
needle.1.sm_52.ptx 47 : 10944 98496 0 0 0 0 0 0 0 
needle.1.sm_52.ptx 756 : 10944 57664 0 0 0 1710 342 0 0 
needle.1.sm_52.ptx 46 : 10944 87552 0 0 0 0 0 0 0 
needle.1.sm_52.ptx 755 : 10944 98496 0 0 0 0 0 0 0 
needle.1.sm_52.ptx 382 : 87552 212040 0 0 0 0 0 0 1368 
needle.1.sm_52.ptx 45 : 10944 76608 0 0 0 0 0 0 0 
needle.1.sm_52.ptx 754 : 10944 383168 0 342 342 0 0 0 0 
needle.1.sm_52.ptx 381 : 87552 525312 0 0 0 0 0 0 0 
needle.1.sm_52.ptx 44 : 10944 98496 0 0 0 0 0 0 0 
needle.1.sm_52.ptx 753 : 10944 54752 0 0 0 1710 342 0 0 
needle.1.sm_52.ptx 380 : 87552 787968 0 0 0 0 0 0 0 
needle.1.sm_52.ptx 43 : 10944 65664 0 0 0 0 0 0 0 
needle.1.sm_52.ptx 752 : 10944 98496 0 0 0 0 0 0 0 
needle.1.sm_52.ptx 379 : 87552 437760 0 0 0 0 0 0 0 
needle.1.sm_52.ptx 42 : 10944 65664 0 0 0 0 0 0 0 
needle.1.sm_52.ptx 751 : 10944 383168 0 342 342 0 0 0 0 
needle.1.sm_52.ptx 116 : 10944 43776 0 342 342 0 0 0 0 
needle.1.sm_52.ptx 374 : 43776 393984 0 0 0 0 0 0 0 
needle.1.sm_52.ptx 37 : 10944 682848 0 0 0 0 0 0 0 
needle.1.sm_52.ptx 746 : 10944 98496 0 0 0 0 0 0 0 
needle.1.sm_52.ptx 204 : 10944 98496 0 0 0 0 0 0 0 
needle.1.sm_52.ptx 74 : 10944 43776 0 342 342 0 0 0 0 
needle.1.sm_52.ptx 783 : 10944 54720 0 0 0 1710 342 0 0 
needle.1.sm_52.ptx 115 : 10944 5736192 43776 0 0 1368 342 0 0 
needle.1.sm_52.ptx 373 : 43776 437760 0 0 0 0 0 0 0 
needle.1.sm_52.ptx 36 : 10944 671904 0 0 0 0 0 0 0 
needle.1.sm_52.ptx 745 : 10944 388448 0 342 342 0 0 0 0 
needle.1.sm_52.ptx 203 : 10944 43776 0 342 342 0 0 0 0 
needle.1.sm_52.ptx 73 : 10944 5762784 44352 0 0 1710 342 0 0 
needle.1.sm_52.ptx 782 : 10944 98496 0 0 0 0 0 0 0 
needle.1.sm_52.ptx 375 : 43776 437760 0 0 0 0 0 0 0 
needle.1.sm_52.ptx 38 : 10944 693792 0 0 0 0 0 0 0 
needle.1.sm_52.ptx 747 : 10944 57312 0 0 0 1710 342 0 0 
needle.1.sm_52.ptx 376 : 43776 1324908 0 43776 2052 0 0 0 0 
needle.1.sm_52.ptx 39 : 10944 711744 0 0 0 0 0 0 0 
needle.1.sm_52.ptx 748 : 10944 385728 0 342 342 0 0 0 0 
needle.1.sm_52.ptx 40 : 10944 708672 0 0 0 0 0 0 0 
needle.1.sm_52.ptx 749 : 10944 98496 0 0 0 0 0 0 0 
needle.1.sm_52.ptx 41 : 10944 69152 0 0 0 0 0 0 0 
needle.1.sm_52.ptx 750 : 10944 54752 0 0 0 1710 342 0 0 
needle.1.sm_52.ptx 53 : 171 1539 0 0 0 0 0 0 0 
needle.1.sm_52.ptx 762 : 10944 54848 0 0 0 1710 342 0 0 
needle.1.sm_52.ptx 58 : 10944 65664 0 0 0 0 0 0 0 
needle.1.sm_52.ptx 767 : 10944 98496 0 0 0 0 0 0 0 
needle.1.sm_52.ptx 59 : 10944 98496 0 0 0 0 0 0 0 
needle.1.sm_52.ptx 768 : 10944 54720 0 0 0 1710 342 0 0 
needle.1.sm_52.ptx 54 : 171 41142 32 0 0 171 171 0 0 
needle.1.sm_52.ptx 763 : 10944 383168 0 342 342 0 0 0 0 
needle.1.sm_52.ptx 60 : 10944 98496 0 0 0 0 0 0 0 
needle.1.sm_52.ptx 769 : 10944 383040 0 342 342 0 0 0 0 
needle.1.sm_52.ptx 61 : 10944 76608 0 0 0 0 0 0 0 
needle.1.sm_52.ptx 770 : 10944 98496 0 0 0 0 0 0 0 
needle.1.sm_52.ptx 62 : 10944 98496 0 0 0 0 0 0 0 
needle.1.sm_52.ptx 771 : 10944 57664 0 0 0 1710 342 0 0 
needle.1.sm_52.ptx 63 : 10944 98496 0 0 0 0 0 0 0 
needle.1.sm_52.ptx 772 : 10944 390400 0 342 342 0 0 0 0 
needle.1.sm_52.ptx 64 : 10944 98496 0 0 0 0 0 0 0 
needle.1.sm_52.ptx 773 : 10944 98496 0 0 0 0 0 0 0 
needle.1.sm_52.ptx 65 : 10944 5843968 44352 0 0 1710 342 0 0 
needle.1.sm_52.ptx 774 : 10944 57600 0 0 0 1710 342 0 0 
needle.1.sm_52.ptx 66 : 10944 65664 0 0 0 0 0 0 0 
needle.1.sm_52.ptx 775 : 10944 386112 0 342 342 0 0 0 0 
needle.1.sm_52.ptx 67 : 10944 65664 0 0 0 0 0 0 0 
needle.1.sm_52.ptx 776 : 10944 98496 0 0 0 0 0 0 0 
needle.1.sm_52.ptx 68 : 10944 98496 0 0 0 0 0 0 0 
needle.1.sm_52.ptx 777 : 10944 54848 0 0 0 1710 342 0 0 
needle.1.sm_52.ptx 69 : 10944 76608 0 0 0 0 0 0 0 
needle.1.sm_52.ptx 778 : 10944 383168 0 342 342 0 0 0 0 
needle.1.sm_52.ptx 55 : 171 684 0 171 171 0 0 0 0 
needle.1.sm_52.ptx 764 : 10944 98496 0 0 0 0 0 0 0 
needle.1.sm_52.ptx 70 : 10944 43776 0 342 342 0 0 0 0 
needle.1.sm_52.ptx 779 : 10944 98496 0 0 0 0 0 0 0 
needle.1.sm_52.ptx 71 : 10944 98496 0 0 0 0 0 0 0 
needle.1.sm_52.ptx 780 : 10944 54720 0 0 0 1710 342 0 0 
needle.1.sm_52.ptx 72 : 10944 98496 0 0 0 0 0 0 0 
needle.1.sm_52.ptx 781 : 10944 383040 0 342 342 0 0 0 0 
needle.1.sm_52.ptx 117 : 10944 98496 0 0 0 0 0 0 0 
needle.1.sm_52.ptx 118 : 10944 5736704 44352 0 0 1710 342 0 0 
needle.1.sm_52.ptx 119 : 10944 43776 0 342 342 0 0 0 0 
needle.1.sm_52.ptx 120 : 10944 98496 0 0 0 0 0 0 0 
needle.1.sm_52.ptx 121 : 10944 5736800 44352 0 0 1710 342 0 0 
needle.1.sm_52.ptx 122 : 10944 43776 0 342 342 0 0 0 0 
needle.1.sm_52.ptx 123 : 10944 98496 0 0 0 0 0 0 0 
needle.1.sm_52.ptx 124 : 10944 5734432 44352 0 0 1710 342 0 0 
needle.1.sm_52.ptx 125 : 10944 43776 0 342 342 0 0 0 0 
needle.1.sm_52.ptx 126 : 10944 98496 0 0 0 0 0 0 0 
needle.1.sm_52.ptx 127 : 10944 5735776 44352 0 0 1710 342 0 0 
needle.1.sm_52.ptx 128 : 10944 43776 0 342 342 0 0 0 0 
needle.1.sm_52.ptx 129 : 10944 98496 0 0 0 0 0 0 0 
needle.1.sm_52.ptx 130 : 10944 5735552 44352 0 0 1710 342 0 0 
needle.1.sm_52.ptx 131 : 10944 43776 0 342 342 0 0 0 0 
needle.1.sm_52.ptx 132 : 10944 98496 0 0 0 0 0 0 0 
needle.1.sm_52.ptx 133 : 10944 5734176 44352 0 0 1710 342 0 0 
needle.1.sm_52.ptx 134 : 10944 43776 0 342 342 0 0 0 0 
needle.1.sm_52.ptx 135 : 10944 98496 0 0 0 0 0 0 0 
needle.1.sm_52.ptx 136 : 10944 5737184 44352 0 0 1710 342 0 0 
needle.1.sm_52.ptx 137 : 10944 43776 0 342 342 0 0 0 0 
needle.1.sm_52.ptx 138 : 10944 98496 0 0 0 0 0 0 0 
needle.1.sm_52.ptx 139 : 10944 5731904 43776 0 0 1368 342 0 0 
needle.1.sm_52.ptx 140 : 10944 43840 0 342 342 0 0 0 0 
needle.1.sm_52.ptx 141 : 10944 98496 0 0 0 0 0 0 0 
needle.1.sm_52.ptx 142 : 10944 5706720 44352 0 0 1710 342 0 0 
needle.1.sm_52.ptx 143 : 10944 44064 0 342 342 0 0 0 0 
needle.1.sm_52.ptx 144 : 10944 98496 0 0 0 0 0 0 0 
needle.1.sm_52.ptx 145 : 10944 5712608 44352 0 0 1710 342 0 0 
needle.1.sm_52.ptx 146 : 10944 43776 0 342 342 0 0 0 0 
needle.1.sm_52.ptx 147 : 10944 98496 0 0 0 0 0 0 0 
needle.1.sm_52.ptx 148 : 10944 5717952 44352 0 0 1710 342 0 0 
needle.1.sm_52.ptx 149 : 10944 43776 0 342 342 0 0 0 0 
needle.1.sm_52.ptx 150 : 10944 98496 0 0 0 0 0 0 0 
needle.1.sm_52.ptx 151 : 10944 5699360 44352 0 0 1710 342 0 0 
needle.1.sm_52.ptx 152 : 10944 43776 0 342 342 0 0 0 0 
needle.1.sm_52.ptx 153 : 10944 98496 0 0 0 0 0 0 0 
needle.1.sm_52.ptx 154 : 10944 5698560 44352 0 0 1710 342 0 0 
needle.1.sm_52.ptx 155 : 10944 43776 0 342 342 0 0 0 0 
needle.1.sm_52.ptx 156 : 10944 98496 0 0 0 0 0 0 0 
needle.1.sm_52.ptx 157 : 10944 5699552 44352 0 0 1710 342 0 0 
needle.1.sm_52.ptx 158 : 10944 43776 0 342 342 0 0 0 0 
needle.1.sm_52.ptx 159 : 10944 98496 0 0 0 0 0 0 0 
needle.1.sm_52.ptx 160 : 10944 5703776 44352 0 0 1710 342 0 0 
needle.1.sm_52.ptx 161 : 10944 43776 0 342 342 0 0 0 0 
needle.1.sm_52.ptx 162 : 10944 98496 0 0 0 0 0 0 0 
needle.1.sm_52.ptx 163 : 10944 5748480 43776 0 0 1368 342 0 0 
needle.1.sm_52.ptx 164 : 10944 43776 0 342 342 0 0 0 0 
needle.1.sm_52.ptx 165 : 10944 98496 0 0 0 0 0 0 0 
needle.1.sm_52.ptx 166 : 10944 5786752 44352 0 0 1710 342 0 0 
needle.1.sm_52.ptx 167 : 10944 43776 0 342 342 0 0 0 0 
needle.1.sm_52.ptx 168 : 10944 98496 0 0 0 0 0 0 0 
needle.1.sm_52.ptx 169 : 10944 5789632 44352 0 0 1710 342 0 0 
needle.1.sm_52.ptx 170 : 10944 43808 0 342 342 0 0 0 0 
needle.1.sm_52.ptx 171 : 10944 98496 0 0 0 0 0 0 0 
needle.1.sm_52.ptx 172 : 10944 5795904 44352 0 0 1710 342 0 0 
needle.1.sm_52.ptx 173 : 10944 43776 0 342 342 0 0 0 0 
needle.1.sm_52.ptx 174 : 10944 98496 0 0 0 0 0 0 0 
needle.1.sm_52.ptx 175 : 10944 5795488 44352 0 0 1710 342 0 0 
needle.1.sm_52.ptx 176 : 10944 43776 0 342 342 0 0 0 0 
needle.1.sm_52.ptx 177 : 10944 98496 0 0 0 0 0 0 0 
needle.1.sm_52.ptx 178 : 10944 5795488 44352 0 0 1710 342 0 0 
needle.1.sm_52.ptx 179 : 10944 43936 0 342 342 0 0 0 0 
needle.1.sm_52.ptx 180 : 10944 98496 0 0 0 0 0 0 0 
needle.1.sm_52.ptx 181 : 10944 5799008 44352 0 0 1710 342 0 0 
needle.1.sm_52.ptx 182 : 10944 43776 0 342 342 0 0 0 0 
needle.1.sm_52.ptx 183 : 10944 98496 0 0 0 0 0 0 0 
needle.1.sm_52.ptx 184 : 10944 5803104 44352 0 0 1710 342 0 0 
needle.1.sm_52.ptx 185 : 10944 43808 0 342 342 0 0 0 0 
needle.1.sm_52.ptx 186 : 10944 98496 0 0 0 0 0 0 0 
needle.1.sm_52.ptx 187 : 10944 5802080 43776 0 0 1368 342 0 0 
needle.1.sm_52.ptx 188 : 10944 43776 0 342 342 0 0 0 0 
needle.1.sm_52.ptx 189 : 10944 98496 0 0 0 0 0 0 0 
needle.1.sm_52.ptx 190 : 10944 5794432 44352 0 0 1710 342 0 0 
needle.1.sm_52.ptx 191 : 10944 43904 0 342 342 0 0 0 0 
needle.1.sm_52.ptx 192 : 10944 98496 0 0 0 0 0 0 0 
needle.1.sm_52.ptx 193 : 10944 5791904 44352 0 0 1710 342 0 0 
needle.1.sm_52.ptx 194 : 10944 43840 0 342 342 0 0 0 0 
needle.1.sm_52.ptx 195 : 10944 98496 0 0 0 0 0 0 0 
needle.1.sm_52.ptx 196 : 10944 5804192 44352 0 0 1710 342 0 0 
needle.1.sm_52.ptx 197 : 10944 43776 0 342 342 0 0 0 0 
needle.1.sm_52.ptx 198 : 10944 98496 0 0 0 0 0 0 0 
needle.1.sm_52.ptx 199 : 10944 5797856 44352 0 0 1710 342 0 0 
needle.1.sm_52.ptx 200 : 10944 43776 0 342 342 0 0 0 0 
needle.1.sm_52.ptx 201 : 10944 98496 0 0 0 0 0 0 0 
needle.1.sm_52.ptx 202 : 10944 5798464 44352 0 0 1710 342 0 0 
needle.1.sm_52.ptx 390 : 45144 2694960 0 45144 2052 0 0 0 0 
needle.1.sm_52.ptx 401 : 87552 437760 0 0 0 0 0 0 0 
needle.1.sm_52.ptx 391 : 45144 406296 0 0 0 0 0 0 0 
needle.1.sm_52.ptx 392 : 45144 451440 0 0 0 0 0 0 0 
needle.1.sm_52.ptx 393 : 45144 2723346 0 45144 2052 0 0 0 0 
needle.1.sm_52.ptx 394 : 45144 406296 0 0 0 0 0 0 0 
needle.1.sm_52.ptx 395 : 45144 451440 0 0 0 0 0 0 0 
needle.1.sm_52.ptx 396 : 45144 406296 0 0 0 0 0 0 0 
needle.1.sm_52.ptx 397 : 45144 451440 0 0 0 0 0 0 0 
needle.1.sm_52.ptx 398 : 45144 1372104 0 45144 2052 0 0 0 0 
needle.1.sm_52.ptx 402 : 87552 787968 0 0 0 0 0 0 0 
needle.1.sm_52.ptx 403 : 87552 525312 0 0 0 0 0 0 0 
needle.1.sm_52.ptx 404 : 87552 205200 0 0 0 0 0 0 1368 
needle.1.sm_52.ptx 406 : 46512 418608 0 0 0 0 0 0 0 
needle.1.sm_52.ptx 407 : 46512 1796868 0 2052 2052 0 0 0 0 
needle.1.sm_52.ptx 408 : 46512 418608 0 0 0 0 0 0 0 
needle.1.sm_52.ptx 409 : 46512 3160080 0 46512 2052 0 0 0 0 
needle.1.sm_52.ptx 423 : 87552 437760 0 0 0 0 0 0 0 
needle.1.sm_52.ptx 410 : 46512 418608 0 0 0 0 0 0 0 
needle.1.sm_52.ptx 411 : 46512 465120 0 0 0 0 0 0 0 
needle.1.sm_52.ptx 412 : 46512 2787984 0 46512 2052 0 0 0 0 
needle.1.sm_52.ptx 413 : 46512 418608 0 0 0 0 0 0 0 
needle.1.sm_52.ptx 414 : 46512 465120 0 0 0 0 0 0 0 
needle.1.sm_52.ptx 415 : 46512 2816712 0 46512 2052 0 0 0 0 
needle.1.sm_52.ptx 416 : 46512 418608 0 0 0 0 0 0 0 
needle.1.sm_52.ptx 417 : 46512 465120 0 0 0 0 0 0 0 
needle.1.sm_52.ptx 418 : 46512 418608 0 0 0 0 0 0 0 
needle.1.sm_52.ptx 419 : 46512 465120 0 0 0 0 0 0 0 
needle.1.sm_52.ptx 420 : 46512 1424772 0 46512 2052 0 0 0 0 
needle.1.sm_52.ptx 424 : 87552 787968 0 0 0 0 0 0 0 
needle.1.sm_52.ptx 425 : 87552 525312 0 0 0 0 0 0 0 
needle.1.sm_52.ptx 426 : 87552 198360 0 0 0 0 0 0 1368 
needle.1.sm_52.ptx 428 : 47880 430920 0 0 0 0 0 0 0 
needle.1.sm_52.ptx 445 : 87552 437760 0 0 0 0 0 0 0 
needle.1.sm_52.ptx 429 : 47880 1853127 0 2052 2052 0 0 0 0 
needle.1.sm_52.ptx 430 : 47880 430920 0 0 0 0 0 0 0 
needle.1.sm_52.ptx 431 : 47880 3277728 0 47880 2052 0 0 0 0 
needle.1.sm_52.ptx 432 : 47880 430920 0 0 0 0 0 0 0 
needle.1.sm_52.ptx 433 : 47880 478800 0 0 0 0 0 0 0 
needle.1.sm_52.ptx 434 : 47880 2883744 0 47880 2052 0 0 0 0 
needle.1.sm_52.ptx 435 : 47880 430920 0 0 0 0 0 0 0 
needle.1.sm_52.ptx 436 : 47880 478800 0 0 0 0 0 0 0 
needle.1.sm_52.ptx 437 : 47880 2912130 0 47880 2052 0 0 0 0 
needle.1.sm_52.ptx 438 : 47880 430920 0 0 0 0 0 0 0 
needle.1.sm_52.ptx 439 : 47880 478800 0 0 0 0 0 0 0 
needle.1.sm_52.ptx 440 : 47880 430920 0 0 0 0 0 0 0 
needle.1.sm_52.ptx 441 : 47880 478800 0 0 0 0 0 0 0 
needle.1.sm_52.ptx 442 : 47880 1479492 0 47880 2052 0 0 0 0 
needle.1.sm_52.ptx 446 : 87552 787968 0 0 0 0 0 0 0 
needle.1.sm_52.ptx 447 : 87552 525312 0 0 0 0 0 0 0 
needle.1.sm_52.ptx 448 : 87552 191520 0 0 0 0 0 0 1026 
needle.1.sm_52.ptx 450 : 49248 443232 0 0 0 0 0 0 0 
needle.1.sm_52.ptx 451 : 49248 1888704 0 2052 2052 0 0 0 0 
needle.1.sm_52.ptx 452 : 49248 443232 0 0 0 0 0 0 0 
needle.1.sm_52.ptx 453 : 49248 3419136 0 49248 2052 0 0 0 0 
needle.1.sm_52.ptx 454 : 49248 443232 0 0 0 0 0 0 0 
needle.1.sm_52.ptx 455 : 49248 492480 0 0 0 0 0 0 0 
needle.1.sm_52.ptx 456 : 49248 2982240 0 49248 2052 0 0 0 0 
needle.1.sm_52.ptx 457 : 49248 443232 0 0 0 0 0 0 0 
needle.1.sm_52.ptx 458 : 49248 492480 0 0 0 0 0 0 0 
needle.1.sm_52.ptx 459 : 49248 3009600 0 49248 2052 0 0 0 0 
needle.1.sm_52.ptx 460 : 49248 443232 0 0 0 0 0 0 0 
needle.1.sm_52.ptx 461 : 49248 492480 0 0 0 0 0 0 0 
needle.1.sm_52.ptx 462 : 49248 443232 0 0 0 0 0 0 0 
needle.1.sm_52.ptx 467 : 87552 437760 0 0 0 0 0 0 0 
needle.1.sm_52.ptx 463 : 49248 492112 0 0 0 0 0 0 0 
needle.1.sm_52.ptx 464 : 49248 1536264 0 49248 2052 0 0 0 0 
needle.1.sm_52.ptx 468 : 87552 787968 0 0 0 0 0 0 0 
needle.1.sm_52.ptx 469 : 87552 875520 0 0 0 0 0 0 0 
needle.1.sm_52.ptx 470 : 87552 963072 0 0 0 0 0 0 0 
needle.1.sm_52.ptx 471 : 87552 525312 0 0 0 0 0 0 0 
needle.1.sm_52.ptx 472 : 87552 383040 0 0 0 0 0 0 0 
needle.1.sm_52.ptx 474 : 10944 54720 0 0 0 0 0 0 0 
needle.1.sm_52.ptx 475 : 10944 54720 0 0 0 0 0 0 0 
needle.1.sm_52.ptx 476 : 10944 65664 0 0 0 0 0 0 0 
needle.1.sm_52.ptx 477 : 10944 65664 0 0 0 0 0 0 0 
needle.1.sm_52.ptx 478 : 10944 98496 0 0 0 0 0 0 0 
needle.1.sm_52.ptx 479 : 10944 65664 0 0 0 0 0 0 0 
needle.1.sm_52.ptx 480 : 10944 98496 0 0 0 0 0 0 0 
needle.1.sm_52.ptx 481 : 10944 98496 0 0 0 0 0 0 0 
needle.1.sm_52.ptx 482 : 10944 106496 0 0 0 0 0 0 0 
needle.1.sm_52.ptx 483 : 10944 84608 0 0 0 0 0 0 0 
needle.1.sm_52.ptx 484 : 10944 98496 0 0 0 0 0 0 0 
needle.1.sm_52.ptx 485 : 10944 65664 0 0 0 0 0 0 0 
needle.1.sm_52.ptx 486 : 10944 98496 0 0 0 0 0 0 0 
needle.1.sm_52.ptx 487 : 10944 98496 0 0 0 0 0 0 0 
needle.1.sm_52.ptx 488 : 10944 76608 0 0 0 0 0 0 0 
needle.1.sm_52.ptx 489 : 10944 87552 0 0 0 0 0 0 0 
needle.1.sm_52.ptx 498 : 175104 1050624 0 0 0 0 0 0 0 
needle.1.sm_52.ptx 499 : 175104 424080 0 0 0 0 0 0 2736 
needle.1.sm_52.ptx 501 : 90288 812592 0 0 0 0 0 0 0 
needle.1.sm_52.ptx 502 : 90288 6128197 0 90288 4104 0 0 0 0 
needle.1.sm_52.ptx 503 : 90288 812592 0 0 0 0 0 0 0 
needle.1.sm_52.ptx 504 : 90288 5936761 0 4104 4104 0 0 0 0 
needle.1.sm_52.ptx 505 : 90288 812592 0 0 0 0 0 0 0 
needle.1.sm_52.ptx 506 : 90288 902880 0 0 0 0 0 0 0 
needle.1.sm_52.ptx 507 : 90288 6121680 0 90288 4104 0 0 0 0 
needle.1.sm_52.ptx 508 : 90288 812592 0 0 0 0 0 0 0 
needle.1.sm_52.ptx 509 : 90288 902880 0 0 0 0 0 0 0 
needle.1.sm_52.ptx 510 : 90288 5633424 0 90288 4104 0 0 0 0 
needle.1.sm_52.ptx 511 : 90288 812592 0 0 0 0 0 0 0 
needle.1.sm_52.ptx 512 : 90288 902880 0 0 0 0 0 0 0 
needle.1.sm_52.ptx 513 : 90288 812592 0 0 0 0 0 0 0 
needle.1.sm_52.ptx 514 : 90288 902880 0 0 0 0 0 0 0 
needle.1.sm_52.ptx 515 : 90288 2924816 0 90288 4104 0 0 0 0 
needle.1.sm_52.ptx 518 : 175104 875520 0 0 0 0 0 0 0 
needle.1.sm_52.ptx 519 : 175104 1050624 0 0 0 0 0 0 0 
needle.1.sm_52.ptx 520 : 175104 437760 0 0 0 0 0 0 2736 
needle.1.sm_52.ptx 522 : 87552 787968 0 0 0 0 0 0 0 
needle.1.sm_52.ptx 523 : 87552 4048922 0 4104 4104 0 0 0 0 
needle.1.sm_52.ptx 524 : 87552 787968 0 0 0 0 0 0 0 
needle.1.sm_52.ptx 525 : 87552 6360274 0 87552 4104 0 0 0 0 
needle.1.sm_52.ptx 526 : 87552 787968 0 0 0 0 0 0 0 
needle.1.sm_52.ptx 527 : 87552 875520 0 0 0 0 0 0 0 
needle.1.sm_52.ptx 528 : 87552 5454268 0 87552 4104 0 0 0 0 
needle.1.sm_52.ptx 529 : 87552 787968 0 0 0 0 0 0 0 
needle.1.sm_52.ptx 530 : 87552 875520 0 0 0 0 0 0 0 
needle.1.sm_52.ptx 531 : 87552 5454608 0 87552 4104 0 0 0 0 
needle.1.sm_52.ptx 532 : 87552 787968 0 0 0 0 0 0 0 
needle.1.sm_52.ptx 533 : 87552 875520 0 0 0 0 0 0 0 
needle.1.sm_52.ptx 534 : 87552 787968 0 0 0 0 0 0 0 
needle.1.sm_52.ptx 535 : 87552 875520 0 0 0 0 0 0 0 
needle.1.sm_52.ptx 536 : 87552 2828098 0 87552 4104 0 0 0 0 
needle.1.sm_52.ptx 539 : 175104 875520 0 0 0 0 0 0 0 
needle.1.sm_52.ptx 540 : 175104 1575936 0 0 0 0 0 0 0 
needle.1.sm_52.ptx 541 : 175104 1050624 0 0 0 0 0 0 0 
needle.1.sm_52.ptx 542 : 175104 451440 0 0 0 0 0 0 2736 
needle.1.sm_52.ptx 544 : 84816 763344 0 0 0 0 0 0 0 
needle.1.sm_52.ptx 545 : 84816 3226626 0 4104 4104 0 0 0 0 
needle.1.sm_52.ptx 546 : 84816 763344 0 0 0 0 0 0 0 
needle.1.sm_52.ptx 547 : 84816 5701792 0 84816 4104 0 0 0 0 
needle.1.sm_52.ptx 548 : 84816 763344 0 0 0 0 0 0 0 
needle.1.sm_52.ptx 549 : 84816 848160 0 0 0 0 0 0 0 
needle.1.sm_52.ptx 550 : 84816 5277831 0 84816 4104 0 0 0 0 
needle.1.sm_52.ptx 551 : 84816 763344 0 0 0 0 0 0 0 
needle.1.sm_52.ptx 552 : 84816 848160 0 0 0 0 0 0 0 
needle.1.sm_52.ptx 553 : 84816 5278166 0 84816 4104 0 0 0 0 
needle.1.sm_52.ptx 554 : 84816 763344 0 0 0 0 0 0 0 
needle.1.sm_52.ptx 555 : 84816 848160 0 0 0 0 0 0 0 
needle.1.sm_52.ptx 556 : 84816 763344 0 0 0 0 0 0 0 
needle.1.sm_52.ptx 557 : 84816 845354 0 0 0 0 0 0 0 
needle.1.sm_52.ptx 558 : 84816 2772417 0 84816 4104 0 0 0 0 
needle.1.sm_52.ptx 561 : 175104 875520 0 0 0 0 0 0 0 
needle.1.sm_52.ptx 562 : 175104 1050624 0 0 0 0 0 0 0 
needle.1.sm_52.ptx 563 : 175104 54720 0 0 0 0 0 0 0 
needle.1.sm_52.ptx 565 : 164160 1477440 0 0 0 0 0 0 0 
needle.1.sm_52.ptx 566 : 164160 984960 0 0 0 0 0 0 0 
needle.1.sm_52.ptx 567 : 164160 410400 0 0 0 0 0 0 2394 
needle.1.sm_52.ptx 569 : 82080 738720 0 0 0 0 0 0 0 
needle.1.sm_52.ptx 570 : 82080 2866528 0 3762 3762 0 0 0 0 
needle.1.sm_52.ptx 571 : 82080 738720 0 0 0 0 0 0 0 
needle.1.sm_52.ptx 572 : 82080 5522884 0 82080 3762 0 0 0 0 
needle.1.sm_52.ptx 573 : 82080 738720 0 0 0 0 0 0 0 
needle.1.sm_52.ptx 574 : 82080 820800 0 0 0 0 0 0 0 
needle.1.sm_52.ptx 575 : 82080 5104144 0 82080 3762 0 0 0 0 
needle.1.sm_52.ptx 576 : 82080 738720 0 0 0 0 0 0 0 
needle.1.sm_52.ptx 577 : 82080 818040 0 0 0 0 0 0 0 
needle.1.sm_52.ptx 578 : 82080 5140528 0 82080 3762 0 0 0 0 
needle.1.sm_52.ptx 579 : 82080 738720 0 0 0 0 0 0 0 
needle.1.sm_52.ptx 580 : 82080 820800 0 0 0 0 0 0 0 
needle.1.sm_52.ptx 581 : 82080 738720 0 0 0 0 0 0 0 
needle.1.sm_52.ptx 582 : 82080 820800 0 0 0 0 0 0 0 
needle.1.sm_52.ptx 583 : 82080 2642012 0 82080 3762 0 0 0 0 
needle.1.sm_52.ptx 584 : 82080 410400 0 0 0 0 0 0 0 
needle.1.sm_52.ptx 492 : 164160 820800 0 0 0 0 0 0 0 
needle.1.sm_52.ptx 493 : 164160 1477440 0 0 0 0 0 0 0 
needle.1.sm_52.ptx 494 : 164160 1641600 0 0 0 0 0 0 0 
needle.1.sm_52.ptx 495 : 164160 1805760 0 0 0 0 0 0 0 
needle.1.sm_52.ptx 587 : 10944 32832 0 0 0 0 0 0 0 
needle.1.sm_52.ptx 588 : 10944 65664 0 0 0 0 0 0 0 
needle.1.sm_52.ptx 589 : 10944 65664 0 0 0 0 0 0 0 
needle.1.sm_52.ptx 590 : 10944 32832 0 0 0 0 0 0 0 
needle.1.sm_52.ptx 591 : 10944 43776 0 0 0 0 0 0 0 
needle.1.sm_52.ptx 592 : 10944 65664 0 0 0 0 0 0 0 
needle.1.sm_52.ptx 593 : 10944 65664 0 0 0 0 0 0 0 
needle.1.sm_52.ptx 594 : 10944 98496 0 0 0 0 0 0 0 
needle.1.sm_52.ptx 595 : 10944 73664 0 0 0 0 0 0 0 
needle.1.sm_52.ptx 596 : 10944 98496 0 0 0 0 0 0 0 
needle.1.sm_52.ptx 597 : 10944 98496 0 0 0 0 0 0 0 
needle.1.sm_52.ptx 598 : 10944 98496 0 0 0 0 0 0 0 
needle.1.sm_52.ptx 599 : 10944 98496 0 0 0 0 0 0 0 
needle.1.sm_52.ptx 600 : 10944 98496 0 0 0 0 0 0 0 
needle.1.sm_52.ptx 601 : 10944 98496 0 0 0 0 0 0 0 
needle.1.sm_52.ptx 602 : 10944 65664 0 0 0 0 0 0 0 
needle.1.sm_52.ptx 603 : 10944 34304 0 0 0 0 0 0 0 
needle.1.sm_52.ptx 604 : 10944 54720 0 0 0 0 0 0 0 
needle.1.sm_52.ptx 605 : 10944 65664 0 0 0 0 0 0 0 
needle.1.sm_52.ptx 606 : 10944 32832 0 0 0 0 0 0 0 
needle.1.sm_52.ptx 607 : 10944 65664 0 0 0 0 0 0 0 
needle.1.sm_52.ptx 608 : 10944 65664 0 0 0 0 0 0 0 
needle.1.sm_52.ptx 609 : 10944 98496 0 0 0 0 0 0 0 
needle.1.sm_52.ptx 610 : 10944 76608 0 0 0 0 0 0 0 
needle.1.sm_52.ptx 611 : 10944 98496 0 0 0 0 0 0 0 
needle.1.sm_52.ptx 612 : 10944 98496 0 0 0 0 0 0 0 
needle.1.sm_52.ptx 613 : 10944 98496 0 0 0 0 0 0 0 
needle.1.sm_52.ptx 614 : 10944 98496 0 0 0 0 0 0 0 
needle.1.sm_52.ptx 615 : 10944 65664 0 0 0 0 0 0 0 
needle.1.sm_52.ptx 616 : 10944 65664 0 0 0 0 0 0 0 
needle.1.sm_52.ptx 617 : 10944 98496 0 0 0 0 0 0 0 
needle.1.sm_52.ptx 618 : 10944 76608 0 0 0 0 0 0 0 
needle.1.sm_52.ptx 619 : 10944 98496 0 0 0 0 0 0 0 
needle.1.sm_52.ptx 620 : 10944 109440 0 0 0 0 0 0 0 
needle.1.sm_52.ptx 621 : 10944 98496 0 0 0 0 0 0 0 
needle.1.sm_52.ptx 622 : 10944 373568 0 342 342 0 0 0 0 
needle.1.sm_52.ptx 623 : 10944 65664 0 0 0 0 0 0 0 
needle.1.sm_52.ptx 624 : 10944 98496 0 0 0 0 0 0 0 
needle.1.sm_52.ptx 625 : 10944 64192 0 0 0 1710 342 0 0 
needle.1.sm_52.ptx 626 : 10944 396928 0 342 342 0 0 0 0 
needle.1.sm_52.ptx 627 : 10944 65664 0 0 0 0 0 0 0 
needle.1.sm_52.ptx 628 : 10944 98496 0 0 0 0 0 0 0 
needle.1.sm_52.ptx 629 : 10944 57664 0 0 0 1710 342 0 0 
needle.1.sm_52.ptx 630 : 10944 390400 0 342 342 0 0 0 0 
needle.1.sm_52.ptx 631 : 10944 65664 0 0 0 0 0 0 0 
needle.1.sm_52.ptx 632 : 10944 98496 0 0 0 0 0 0 0 
needle.1.sm_52.ptx 633 : 10944 56192 0 0 0 1710 342 0 0 
needle.1.sm_52.ptx 634 : 10944 388928 0 342 342 0 0 0 0 
needle.1.sm_52.ptx 635 : 10944 98496 0 0 0 0 0 0 0 
needle.1.sm_52.ptx 636 : 10944 57664 0 0 0 1710 342 0 0 
needle.1.sm_52.ptx 637 : 10944 385984 0 342 342 0 0 0 0 
needle.1.sm_52.ptx 638 : 10944 98496 0 0 0 0 0 0 0 
needle.1.sm_52.ptx 639 : 10944 54720 0 0 0 1710 342 0 0 
needle.1.sm_52.ptx 640 : 10944 383040 0 342 342 0 0 0 0 
needle.1.sm_52.ptx 641 : 10944 98496 0 0 0 0 0 0 0 
needle.1.sm_52.ptx 642 : 10944 54720 0 0 0 1710 342 0 0 
needle.1.sm_52.ptx 643 : 10944 381568 0 342 342 0 0 0 0 
needle.1.sm_52.ptx 644 : 10944 98496 0 0 0 0 0 0 0 
needle.1.sm_52.ptx 645 : 10944 43840 0 0 0 1368 342 0 0 
needle.1.sm_52.ptx 646 : 10944 374976 0 342 342 0 0 0 0 
needle.1.sm_52.ptx 647 : 10944 98496 0 0 0 0 0 0 0 
needle.1.sm_52.ptx 648 : 10944 56192 0 0 0 1710 342 0 0 
needle.1.sm_52.ptx 649 : 10944 388736 0 342 342 0 0 0 0 
needle.1.sm_52.ptx 650 : 10944 98496 0 0 0 0 0 0 0 
needle.1.sm_52.ptx 651 : 10944 56128 0 0 0 1710 342 0 0 
needle.1.sm_52.ptx 652 : 10944 388672 0 342 342 0 0 0 0 
needle.1.sm_52.ptx 653 : 10944 98496 0 0 0 0 0 0 0 
needle.1.sm_52.ptx 654 : 10944 56128 0 0 0 1710 342 0 0 
needle.1.sm_52.ptx 655 : 10944 388672 0 342 342 0 0 0 0 
needle.1.sm_52.ptx 656 : 10944 98496 0 0 0 0 0 0 0 
needle.1.sm_52.ptx 657 : 10944 56128 0 0 0 1710 342 0 0 
needle.1.sm_52.ptx 658 : 10944 388672 0 342 342 0 0 0 0 
needle.1.sm_52.ptx 659 : 10944 98496 0 0 0 0 0 0 0 
needle.1.sm_52.ptx 660 : 10944 57664 0 0 0 1710 342 0 0 
needle.1.sm_52.ptx 661 : 10944 390400 0 342 342 0 0 0 0 
needle.1.sm_52.ptx 662 : 10944 98496 0 0 0 0 0 0 0 
needle.1.sm_52.ptx 663 : 10944 56256 0 0 0 1710 342 0 0 
needle.1.sm_52.ptx 664 : 10944 388800 0 342 342 0 0 0 0 
needle.1.sm_52.ptx 665 : 10944 98496 0 0 0 0 0 0 0 
needle.1.sm_52.ptx 666 : 10944 57536 0 0 0 1710 342 0 0 
needle.1.sm_52.ptx 667 : 10944 385856 0 342 342 0 0 0 0 
needle.1.sm_52.ptx 668 : 10944 98496 0 0 0 0 0 0 0 
needle.1.sm_52.ptx 669 : 10944 43776 0 0 0 1368 342 0 0 
needle.1.sm_52.ptx 670 : 10944 372096 0 342 342 0 0 0 0 
needle.1.sm_52.ptx 671 : 10944 98496 0 0 0 0 0 0 0 
needle.1.sm_52.ptx 672 : 10944 54720 0 0 0 1710 342 0 0 
needle.1.sm_52.ptx 673 : 10944 383040 0 342 342 0 0 0 0 
needle.1.sm_52.ptx 674 : 10944 98496 0 0 0 0 0 0 0 
needle.1.sm_52.ptx 675 : 10944 57664 0 0 0 1710 342 0 0 
needle.1.sm_52.ptx 676 : 10944 390400 0 342 342 0 0 0 0 
needle.1.sm_52.ptx 677 : 10944 98496 0 0 0 0 0 0 0 
needle.1.sm_52.ptx 678 : 10944 56256 0 0 0 1710 342 0 0 
needle.1.sm_52.ptx 679 : 10944 388800 0 342 342 0 0 0 0 
needle.1.sm_52.ptx 680 : 10944 98496 0 0 0 0 0 0 0 
needle.1.sm_52.ptx 681 : 10944 57536 0 0 0 1710 342 0 0 
needle.1.sm_52.ptx 682 : 10944 385856 0 342 342 0 0 0 0 
needle.1.sm_52.ptx 683 : 10944 98496 0 0 0 0 0 0 0 
needle.1.sm_52.ptx 684 : 10944 54720 0 0 0 1710 342 0 0 
needle.1.sm_52.ptx 685 : 10944 383040 0 342 342 0 0 0 0 
needle.1.sm_52.ptx 686 : 10944 98496 0 0 0 0 0 0 0 
needle.1.sm_52.ptx 687 : 10944 54720 0 0 0 1710 342 0 0 
needle.1.sm_52.ptx 688 : 10944 383040 0 342 342 0 0 0 0 
needle.1.sm_52.ptx 689 : 10944 98496 0 0 0 0 0 0 0 
needle.1.sm_52.ptx 690 : 10944 54720 0 0 0 1710 342 0 0 
needle.1.sm_52.ptx 691 : 10944 381568 0 342 342 0 0 0 0 
needle.1.sm_52.ptx 692 : 10944 98496 0 0 0 0 0 0 0 
needle.1.sm_52.ptx 693 : 10944 45120 0 0 0 1368 342 0 0 
needle.1.sm_52.ptx 694 : 10944 373696 0 342 342 0 0 0 0 
needle.1.sm_52.ptx 695 : 10944 98496 0 0 0 0 0 0 0 
needle.1.sm_52.ptx 696 : 10944 56192 0 0 0 1710 342 0 0 
needle.1.sm_52.ptx 697 : 10944 384896 0 342 342 0 0 0 0 
needle.1.sm_52.ptx 698 : 10944 98496 0 0 0 0 0 0 0 
needle.1.sm_52.ptx 699 : 10944 54912 0 0 0 1710 342 0 0 
needle.1.sm_52.ptx 700 : 10944 383424 0 342 342 0 0 0 0 
needle.1.sm_52.ptx 701 : 10944 98496 0 0 0 0 0 0 0 
needle.1.sm_52.ptx 702 : 10944 54784 0 0 0 1710 342 0 0 
needle.1.sm_52.ptx 703 : 10944 383296 0 342 342 0 0 0 0 
needle.1.sm_52.ptx 704 : 10944 98496 0 0 0 0 0 0 0 
needle.1.sm_52.ptx 705 : 10944 54784 0 0 0 1710 342 0 0 
needle.1.sm_52.ptx 706 : 10944 383296 0 342 342 0 0 0 0 
needle.1.sm_52.ptx 707 : 10944 98496 0 0 0 0 0 0 0 
needle.1.sm_52.ptx 708 : 10944 57664 0 0 0 1710 342 0 0 
needle.1.sm_52.ptx 709 : 10944 390400 0 342 342 0 0 0 0 
needle.1.sm_52.ptx 710 : 10944 98496 0 0 0 0 0 0 0 
needle.1.sm_52.ptx 711 : 10944 57568 0 0 0 1710 342 0 0 
needle.1.sm_52.ptx 712 : 10944 386176 0 342 342 0 0 0 0 
needle.1.sm_52.ptx 713 : 10944 98496 0 0 0 0 0 0 0 
needle.1.sm_52.ptx 714 : 10944 54912 0 0 0 1710 342 0 0 
needle.1.sm_52.ptx 715 : 10944 383232 0 342 342 0 0 0 0 
needle.1.sm_52.ptx 716 : 10944 98496 0 0 0 0 0 0 0 
needle.1.sm_52.ptx 717 : 10944 43776 0 0 0 1368 342 0 0 
needle.1.sm_52.ptx 718 : 10944 372096 0 342 342 0 0 0 0 
needle.1.sm_52.ptx 719 : 10944 98496 0 0 0 0 0 0 0 
needle.1.sm_52.ptx 720 : 10944 54720 0 0 0 1710 342 0 0 
needle.1.sm_52.ptx 721 : 10944 383040 0 342 342 0 0 0 0 
needle.1.sm_52.ptx 722 : 10944 98496 0 0 0 0 0 0 0 
needle.1.sm_52.ptx 723 : 10944 57664 0 0 0 1710 342 0 0 
needle.1.sm_52.ptx 724 : 10944 390400 0 342 342 0 0 0 0 
needle.1.sm_52.ptx 725 : 10944 98496 0 0 0 0 0 0 0 
needle.1.sm_52.ptx 726 : 10944 57536 0 0 0 1710 342 0 0 
needle.1.sm_52.ptx 727 : 10944 386240 0 342 342 0 0 0 0 
needle.1.sm_52.ptx 728 : 10944 98496 0 0 0 0 0 0 0 
needle.1.sm_52.ptx 729 : 10944 54976 0 0 0 1710 342 0 0 
needle.1.sm_52.ptx 730 : 10944 383296 0 342 342 0 0 0 0 
needle.1.sm_52.ptx 731 : 10944 98496 0 0 0 0 0 0 0 
needle.1.sm_52.ptx 732 : 10944 54720 0 0 0 1710 342 0 0 
needle.1.sm_52.ptx 733 : 10944 383040 0 342 342 0 0 0 0 
needle.1.sm_52.ptx 734 : 10944 98496 0 0 0 0 0 0 0 
needle.1.sm_52.ptx 735 : 10944 54720 0 0 0 1710 342 0 0 
needle.1.sm_52.ptx 736 : 10944 383040 0 342 342 0 0 0 0 
needle.1.sm_52.ptx 737 : 10944 98496 0 0 0 0 0 0 0 
needle.1.sm_52.ptx 738 : 10944 54720 0 0 0 1710 342 0 0 
needle.1.sm_52.ptx 739 : 10944 381568 0 342 342 0 0 0 0 
needle.1.sm_52.ptx 740 : 10944 98496 0 0 0 0 0 0 0 
needle.1.sm_52.ptx 741 : 10944 43936 0 0 0 1368 342 0 0 
needle.1.sm_52.ptx 742 : 10944 374880 0 342 342 0 0 0 0 
needle.1.sm_52.ptx 743 : 10944 98496 0 0 0 0 0 0 0 
needle.1.sm_52.ptx 744 : 10944 56192 0 0 0 1710 342 0 0 
needle.1.sm_52.ptx 760 : 10944 386112 0 342 342 0 0 0 0 
needle.1.sm_52.ptx 765 : 10944 43776 0 0 0 1368 342 0 0 
needle.1.sm_52.ptx 766 : 10944 372096 0 342 342 0 0 0 0 
