kernel line : count latency dram_traffic smem_bk_conflicts smem_warp gmem_access_generated gmem_warp exposed_latency warp_divergence
euler3d.1.sm_52.ptx 929 : 291456 1271008 0 0 0 36432 9108 0 0 
euler3d.1.sm_52.ptx 928 : 291456 2708800 0 0 0 0 0 0 0 
euler3d.1.sm_52.ptx 623 : 291456 2386176 0 0 0 0 0 0 0 
euler3d.1.sm_52.ptx 622 : 291456 4182592 0 0 0 36432 9108 0 0 
euler3d.1.sm_52.ptx 621 : 291456 3571744 0 0 0 0 0 0 0 
euler3d.1.sm_52.ptx 620 : 291456 4434656 0 0 0 36432 9108 0 0 
euler3d.1.sm_52.ptx 619 : 291456 3822144 0 0 0 0 0 0 0 
euler3d.1.sm_52.ptx 618 : 291456 4582400 0 0 0 36432 9108 0 0 
euler3d.1.sm_52.ptx 617 : 291456 3489696 0 0 0 0 0 0 0 
euler3d.1.sm_52.ptx 616 : 291456 4297504 0 0 0 36432 9108 0 0 
euler3d.1.sm_52.ptx 615 : 291456 3171840 0 0 0 0 0 0 0 
euler3d.1.sm_52.ptx 614 : 291456 3092928 0 0 0 36432 9108 0 0 
euler3d.1.sm_52.ptx 613 : 291456 2819264 0 0 0 0 0 0 0 
euler3d.1.sm_52.ptx 612 : 291456 1888160 0 0 0 0 0 0 0 
euler3d.1.sm_52.ptx 611 : 291456 1944544 0 0 0 0 0 0 0 
euler3d.1.sm_52.ptx 610 : 291456 2982208 0 0 0 0 0 0 0 
euler3d.1.sm_52.ptx 607 : 291456 3051136 0 0 0 0 0 0 0 
euler3d.1.sm_52.ptx 606 : 291456 2740576 0 0 0 0 0 0 0 
euler3d.1.sm_52.ptx 605 : 291456 2799008 0 0 0 0 0 0 0 
euler3d.1.sm_52.ptx 604 : 291456 2724992 0 0 0 0 0 0 0 
euler3d.1.sm_52.ptx 603 : 291456 2755296 0 0 0 0 0 0 0 
euler3d.1.sm_52.ptx 602 : 291456 2762048 0 0 0 0 0 0 0 
euler3d.1.sm_52.ptx 601 : 291456 2760480 0 0 0 0 0 0 0 
euler3d.1.sm_52.ptx 600 : 291456 2714688 0 0 0 0 0 0 0 
euler3d.1.sm_52.ptx 599 : 291456 2772640 0 0 0 0 0 0 0 
euler3d.1.sm_52.ptx 598 : 291456 2766144 0 0 0 0 0 0 0 
euler3d.1.sm_52.ptx 597 : 291456 2781408 0 0 0 0 0 0 0 
euler3d.1.sm_52.ptx 596 : 291456 2759072 0 0 0 0 0 0 0 
euler3d.1.sm_52.ptx 595 : 291456 2901696 0 0 0 0 0 0 0 
euler3d.1.sm_52.ptx 594 : 291456 2959264 0 0 0 0 0 0 0 
euler3d.1.sm_52.ptx 593 : 291456 3015552 0 0 0 0 0 0 0 
euler3d.1.sm_52.ptx 592 : 291456 2776160 0 0 0 0 0 0 0 
euler3d.1.sm_52.ptx 591 : 291456 2779840 0 0 0 0 0 0 0 
euler3d.1.sm_52.ptx 590 : 291456 2702496 0 0 0 0 0 0 0 
euler3d.1.sm_52.ptx 589 : 291456 3085856 0 0 0 0 0 0 0 
euler3d.1.sm_52.ptx 588 : 291456 3006560 0 0 0 0 0 0 0 
euler3d.1.sm_52.ptx 587 : 291456 2938528 0 0 0 0 0 0 0 
euler3d.1.sm_52.ptx 586 : 291456 2990400 0 0 0 0 0 0 0 
euler3d.1.sm_52.ptx 585 : 291456 2947392 0 0 0 0 0 0 0 
euler3d.1.sm_52.ptx 584 : 291456 2995072 0 0 0 0 0 0 0 
euler3d.1.sm_52.ptx 583 : 291456 2906688 0 0 0 0 0 0 0 
euler3d.1.sm_52.ptx 582 : 291456 2993696 0 0 0 0 0 0 0 
euler3d.1.sm_52.ptx 581 : 291456 2753696 0 0 0 0 0 0 0 
euler3d.1.sm_52.ptx 580 : 291456 2763936 0 0 0 0 0 0 0 
euler3d.1.sm_52.ptx 579 : 291456 2679072 0 0 0 0 0 0 0 
euler3d.1.sm_52.ptx 578 : 291456 2807552 0 0 0 0 0 0 0 
euler3d.1.sm_52.ptx 577 : 291456 2761824 0 0 0 0 0 0 0 
euler3d.1.sm_52.ptx 576 : 291456 2759264 0 0 0 0 0 0 0 
euler3d.1.sm_52.ptx 575 : 291456 2736320 0 0 0 0 0 0 0 
euler3d.1.sm_52.ptx 574 : 291456 2715968 0 0 0 0 0 0 0 
euler3d.1.sm_52.ptx 573 : 291456 2778752 0 0 0 0 0 0 0 
euler3d.1.sm_52.ptx 572 : 291456 2727264 0 0 0 0 0 0 0 
euler3d.1.sm_52.ptx 571 : 291456 2719648 0 0 0 0 0 0 0 
euler3d.1.sm_52.ptx 570 : 291456 2701472 0 0 0 0 0 0 0 
euler3d.1.sm_52.ptx 569 : 291456 2737984 0 0 0 0 0 0 0 
euler3d.1.sm_52.ptx 568 : 291456 2726176 0 0 0 0 0 0 0 
euler3d.1.sm_52.ptx 567 : 291456 2729760 0 0 0 0 0 0 0 
euler3d.1.sm_52.ptx 566 : 291456 2739552 0 0 0 0 0 0 0 
euler3d.1.sm_52.ptx 565 : 291456 2689696 0 0 0 0 0 0 0 
euler3d.1.sm_52.ptx 564 : 291456 2732224 0 0 0 0 0 0 0 
euler3d.1.sm_52.ptx 563 : 291456 7764736 0 0 0 0 0 0 0 
euler3d.1.sm_52.ptx 562 : 291456 2685280 0 0 0 0 0 0 0 
euler3d.1.sm_52.ptx 561 : 291456 2749152 0 0 0 0 0 0 0 
euler3d.1.sm_52.ptx 560 : 291456 8521312 0 0 0 0 0 0 0 
euler3d.1.sm_52.ptx 559 : 291456 2948768 0 0 0 0 0 0 0 
euler3d.1.sm_52.ptx 558 : 291456 2957184 0 0 0 0 0 0 0 
euler3d.1.sm_52.ptx 557 : 291456 2953248 0 0 0 0 0 0 0 
euler3d.1.sm_52.ptx 556 : 291456 3068160 0 0 0 0 0 0 0 
euler3d.1.sm_52.ptx 555 : 291456 7780128 0 0 0 0 0 0 0 
euler3d.1.sm_52.ptx 554 : 291456 13031712 0 0 0 0 0 0 0 
euler3d.1.sm_52.ptx 553 : 291456 2679424 0 0 0 0 0 0 0 
euler3d.1.sm_52.ptx 552 : 291456 2693408 0 0 0 0 0 0 0 
euler3d.1.sm_52.ptx 551 : 291456 2782336 0 0 0 0 0 0 0 
euler3d.1.sm_52.ptx 550 : 291456 210449600 50464 0 0 220776 9108 0 0 
euler3d.1.sm_52.ptx 549 : 291456 2689088 0 0 0 0 0 0 0 
euler3d.1.sm_52.ptx 548 : 291456 2677440 0 0 0 0 0 0 0 
euler3d.1.sm_52.ptx 547 : 291456 2835296 0 0 0 0 0 0 0 
euler3d.1.sm_52.ptx 546 : 291456 2706464 0 0 0 0 0 0 0 
euler3d.1.sm_52.ptx 545 : 291456 2872000 0 0 0 0 0 0 0 
euler3d.1.sm_52.ptx 544 : 291456 13161920 0 0 0 0 0 0 0 
euler3d.1.sm_52.ptx 543 : 291456 230833056 48352 0 0 220776 9108 0 0 
euler3d.1.sm_52.ptx 542 : 291456 13556448 0 0 0 0 0 0 0 
euler3d.1.sm_52.ptx 541 : 291456 237775584 52896 0 0 220776 9108 0 0 
euler3d.1.sm_52.ptx 540 : 291456 14387488 0 0 0 0 0 0 0 
euler3d.1.sm_52.ptx 539 : 291456 215815776 54656 0 0 220776 9108 0 0 
euler3d.1.sm_52.ptx 538 : 291456 211067520 54048 0 0 220776 9108 0 0 
euler3d.1.sm_52.ptx 537 : 291456 5455552 0 0 0 0 0 0 0 
euler3d.1.sm_52.ptx 536 : 291456 3944608 0 0 0 0 0 0 0 
euler3d.1.sm_52.ptx 535 : 291456 3822848 0 0 0 0 0 0 0 
euler3d.1.sm_52.ptx 534 : 291456 3475168 0 0 0 0 0 0 0 
euler3d.1.sm_52.ptx 533 : 291456 3264608 0 0 0 0 0 0 0 
euler3d.1.sm_52.ptx 532 : 291456 3452736 0 0 0 0 0 0 0 
euler3d.1.sm_52.ptx 531 : 291456 3421504 0 0 0 0 0 0 0 
euler3d.1.sm_52.ptx 530 : 291456 2492224 0 0 0 0 0 0 0 
euler3d.1.sm_52.ptx 529 : 291456 3267488 0 0 0 0 0 0 0 
euler3d.1.sm_52.ptx 528 : 291456 2142912 0 0 0 0 0 0 0 
euler3d.1.sm_52.ptx 524 : 291456 2085184 0 0 0 0 0 0 0 
euler3d.1.sm_52.ptx 523 : 291456 3055328 0 0 0 0 0 0 0 
euler3d.1.sm_52.ptx 522 : 291456 3256000 0 0 0 0 0 0 0 
euler3d.1.sm_52.ptx 521 : 291456 236362912 1165824 0 0 36432 9108 0 0 
euler3d.1.sm_52.ptx 520 : 291456 2781376 0 0 0 0 0 0 0 
euler3d.1.sm_52.ptx 519 : 291456 2760416 0 0 0 0 0 0 0 
euler3d.1.sm_52.ptx 518 : 291456 288381504 1165824 0 0 36432 9108 0 0 
euler3d.1.sm_52.ptx 517 : 291456 285918080 1165824 0 0 36432 9108 0 0 
euler3d.1.sm_52.ptx 516 : 291456 3349024 0 0 0 0 0 0 0 
euler3d.1.sm_52.ptx 515 : 291456 3198784 0 0 0 0 0 0 0 
euler3d.1.sm_52.ptx 514 : 291456 2996480 0 0 0 0 0 0 0 
euler3d.1.sm_52.ptx 513 : 291456 261543968 1165824 0 0 36432 9108 0 0 
euler3d.1.sm_52.ptx 512 : 291456 3010880 0 0 0 0 0 0 0 
euler3d.1.sm_52.ptx 511 : 291456 1950336 0 0 0 0 0 0 0 
euler3d.1.sm_52.ptx 510 : 291456 1899872 0 0 0 0 0 0 0 
euler3d.1.sm_52.ptx 509 : 291456 2869344 0 0 0 0 0 0 0 
euler3d.1.sm_52.ptx 508 : 291456 2793632 0 0 0 0 0 0 0 
euler3d.1.sm_52.ptx 507 : 291456 2844576 0 0 0 0 0 0 0 
euler3d.1.sm_52.ptx 506 : 291456 3031328 0 0 0 0 0 0 0 
euler3d.1.sm_52.ptx 505 : 291456 1606560 0 0 0 0 0 0 0 
euler3d.1.sm_52.ptx 504 : 291456 1604096 0 0 0 0 0 0 0 
euler3d.1.sm_52.ptx 503 : 291456 1649568 0 0 0 0 0 0 0 
euler3d.1.sm_52.ptx 502 : 291456 1762112 0 0 0 0 0 0 0 
euler3d.1.sm_52.ptx 499 : 291456 3001120 0 0 0 0 0 0 0 
euler3d.1.sm_52.ptx 498 : 291456 2768928 0 0 0 0 0 0 0 
euler3d.1.sm_52.ptx 497 : 291456 2815552 0 0 0 0 0 0 0 
euler3d.1.sm_52.ptx 496 : 291456 2797280 0 0 0 0 0 0 0 
euler3d.1.sm_52.ptx 495 : 291456 2767808 0 0 0 0 0 0 0 
euler3d.1.sm_52.ptx 494 : 291456 2788128 0 0 0 0 0 0 0 
euler3d.1.sm_52.ptx 493 : 291456 2766144 0 0 0 0 0 0 0 
euler3d.1.sm_52.ptx 492 : 291456 2717824 0 0 0 0 0 0 0 
euler3d.1.sm_52.ptx 491 : 291456 2774368 0 0 0 0 0 0 0 
euler3d.1.sm_52.ptx 490 : 291456 2766784 0 0 0 0 0 0 0 
euler3d.1.sm_52.ptx 489 : 291456 2803008 0 0 0 0 0 0 0 
euler3d.1.sm_52.ptx 488 : 291456 2712896 0 0 0 0 0 0 0 
euler3d.1.sm_52.ptx 487 : 291456 2898464 0 0 0 0 0 0 0 
euler3d.1.sm_52.ptx 486 : 291456 2957920 0 0 0 0 0 0 0 
euler3d.1.sm_52.ptx 485 : 291456 3012288 0 0 0 0 0 0 0 
euler3d.1.sm_52.ptx 484 : 291456 2791488 0 0 0 0 0 0 0 
euler3d.1.sm_52.ptx 483 : 291456 2768352 0 0 0 0 0 0 0 
euler3d.1.sm_52.ptx 482 : 291456 2721888 0 0 0 0 0 0 0 
euler3d.1.sm_52.ptx 481 : 291456 3029216 0 0 0 0 0 0 0 
euler3d.1.sm_52.ptx 480 : 291456 3010912 0 0 0 0 0 0 0 
euler3d.1.sm_52.ptx 479 : 291456 2939392 0 0 0 0 0 0 0 
euler3d.1.sm_52.ptx 478 : 291456 3022432 0 0 0 0 0 0 0 
euler3d.1.sm_52.ptx 477 : 291456 2950560 0 0 0 0 0 0 0 
euler3d.1.sm_52.ptx 476 : 291456 3011392 0 0 0 0 0 0 0 
euler3d.1.sm_52.ptx 475 : 291456 2911648 0 0 0 0 0 0 0 
euler3d.1.sm_52.ptx 474 : 291456 3010752 0 0 0 0 0 0 0 
euler3d.1.sm_52.ptx 473 : 291456 2778976 0 0 0 0 0 0 0 
euler3d.1.sm_52.ptx 472 : 291456 2710304 0 0 0 0 0 0 0 
euler3d.1.sm_52.ptx 471 : 291456 2683200 0 0 0 0 0 0 0 
euler3d.1.sm_52.ptx 470 : 291456 2809120 0 0 0 0 0 0 0 
euler3d.1.sm_52.ptx 469 : 291456 2747520 0 0 0 0 0 0 0 
euler3d.1.sm_52.ptx 468 : 291456 2773600 0 0 0 0 0 0 0 
euler3d.1.sm_52.ptx 467 : 291456 2752864 0 0 0 0 0 0 0 
euler3d.1.sm_52.ptx 466 : 291456 2728608 0 0 0 0 0 0 0 
euler3d.1.sm_52.ptx 465 : 291456 2753984 0 0 0 0 0 0 0 
euler3d.1.sm_52.ptx 464 : 291456 2771232 0 0 0 0 0 0 0 
euler3d.1.sm_52.ptx 463 : 291456 2745952 0 0 0 0 0 0 0 
euler3d.1.sm_52.ptx 462 : 291456 2724512 0 0 0 0 0 0 0 
euler3d.1.sm_52.ptx 461 : 291456 2753600 0 0 0 0 0 0 0 
euler3d.1.sm_52.ptx 460 : 291456 2762400 0 0 0 0 0 0 0 
euler3d.1.sm_52.ptx 459 : 291456 2745440 0 0 0 0 0 0 0 
euler3d.1.sm_52.ptx 458 : 291456 2758592 0 0 0 0 0 0 0 
euler3d.1.sm_52.ptx 457 : 291456 2666656 0 0 0 0 0 0 0 
euler3d.1.sm_52.ptx 456 : 291456 2664928 0 0 0 0 0 0 0 
euler3d.1.sm_52.ptx 455 : 291456 7986336 0 0 0 0 0 0 0 
euler3d.1.sm_52.ptx 454 : 291456 2686464 0 0 0 0 0 0 0 
euler3d.1.sm_52.ptx 453 : 291456 2696800 0 0 0 0 0 0 0 
euler3d.1.sm_52.ptx 452 : 291456 8769312 0 0 0 0 0 0 0 
euler3d.1.sm_52.ptx 451 : 291456 2944672 0 0 0 0 0 0 0 
euler3d.1.sm_52.ptx 450 : 291456 2946464 0 0 0 0 0 0 0 
euler3d.1.sm_52.ptx 449 : 291456 2956704 0 0 0 0 0 0 0 
euler3d.1.sm_52.ptx 448 : 291456 2995744 0 0 0 0 0 0 0 
euler3d.1.sm_52.ptx 447 : 291456 8106496 0 0 0 0 0 0 0 
euler3d.1.sm_52.ptx 446 : 291456 12982816 0 0 0 0 0 0 0 
euler3d.1.sm_52.ptx 445 : 291456 2652544 0 0 0 0 0 0 0 
euler3d.1.sm_52.ptx 444 : 291456 2651136 0 0 0 0 0 0 0 
euler3d.1.sm_52.ptx 443 : 291456 2653664 0 0 0 0 0 0 0 
euler3d.1.sm_52.ptx 442 : 291456 27380512 96 0 0 48807 9108 0 0 
euler3d.1.sm_52.ptx 441 : 291456 2653984 0 0 0 0 0 0 0 
euler3d.1.sm_52.ptx 440 : 291456 2677696 0 0 0 0 0 0 0 
euler3d.1.sm_52.ptx 439 : 291456 2707872 0 0 0 0 0 0 0 
euler3d.1.sm_52.ptx 438 : 291456 2656832 0 0 0 0 0 0 0 
euler3d.1.sm_52.ptx 437 : 291456 2645920 0 0 0 0 0 0 0 
euler3d.1.sm_52.ptx 436 : 291456 12982048 0 0 0 0 0 0 0 
euler3d.1.sm_52.ptx 435 : 291456 26416960 64 0 0 48807 9108 0 0 
euler3d.1.sm_52.ptx 434 : 291456 12982432 0 0 0 0 0 0 0 
euler3d.1.sm_52.ptx 433 : 291456 26700800 96 0 0 48807 9108 0 0 
euler3d.1.sm_52.ptx 432 : 291456 12927456 0 0 0 0 0 0 0 
euler3d.1.sm_52.ptx 431 : 291456 29165984 96 0 0 48807 9108 0 0 
euler3d.1.sm_52.ptx 430 : 291456 29192672 96 0 0 48807 9108 0 0 
euler3d.1.sm_52.ptx 429 : 291456 2888288 0 0 0 0 0 0 0 
euler3d.1.sm_52.ptx 428 : 291456 2832608 0 0 0 0 0 0 0 
euler3d.1.sm_52.ptx 427 : 291456 2755616 0 0 0 0 0 0 0 
euler3d.1.sm_52.ptx 426 : 291456 2745888 0 0 0 0 0 0 0 
euler3d.1.sm_52.ptx 425 : 291456 3063808 0 0 0 0 0 0 0 
euler3d.1.sm_52.ptx 424 : 291456 2862912 0 0 0 0 0 0 0 
euler3d.1.sm_52.ptx 423 : 291456 2695296 0 0 0 0 0 0 0 
euler3d.1.sm_52.ptx 422 : 291456 2067072 0 0 0 0 0 0 0 
euler3d.1.sm_52.ptx 421 : 291456 2696768 0 0 0 0 0 0 0 
euler3d.1.sm_52.ptx 420 : 291456 1812544 0 0 0 0 0 0 0 
euler3d.1.sm_52.ptx 416 : 291456 1582432 0 0 0 0 0 0 0 
euler3d.1.sm_52.ptx 415 : 291456 1830912 0 0 0 0 0 0 0 
euler3d.1.sm_52.ptx 414 : 291456 2660224 0 0 0 0 0 0 0 
euler3d.1.sm_52.ptx 413 : 291456 246697888 1165824 0 0 36432 9108 0 0 
euler3d.1.sm_52.ptx 412 : 291456 2680512 0 0 0 0 0 0 0 
euler3d.1.sm_52.ptx 411 : 291456 2642816 0 0 0 0 0 0 0 
euler3d.1.sm_52.ptx 410 : 291456 239604064 1165824 0 0 36432 9108 0 0 
euler3d.1.sm_52.ptx 409 : 291456 236044992 1165824 0 0 36432 9108 0 0 
euler3d.1.sm_52.ptx 408 : 291456 3191232 0 0 0 0 0 0 0 
euler3d.1.sm_52.ptx 407 : 291456 2970784 0 0 0 0 0 0 0 
euler3d.1.sm_52.ptx 406 : 291456 2741120 0 0 0 0 0 0 0 
euler3d.1.sm_52.ptx 405 : 291456 223832544 1165824 0 0 36432 9108 0 0 
euler3d.1.sm_52.ptx 404 : 291456 2778272 0 0 0 0 0 0 0 
euler3d.1.sm_52.ptx 403 : 291456 2880160 0 0 0 0 0 0 0 
euler3d.1.sm_52.ptx 400 : 291456 2998400 0 0 0 0 0 0 0 
euler3d.1.sm_52.ptx 399 : 291456 2790336 0 0 0 0 0 0 0 
euler3d.1.sm_52.ptx 398 : 291456 2831424 0 0 0 0 0 0 0 
euler3d.1.sm_52.ptx 397 : 291456 2801536 0 0 0 0 0 0 0 
euler3d.1.sm_52.ptx 396 : 291456 2770816 0 0 0 0 0 0 0 
euler3d.1.sm_52.ptx 395 : 291456 2800512 0 0 0 0 0 0 0 
euler3d.1.sm_52.ptx 394 : 291456 2770592 0 0 0 0 0 0 0 
euler3d.1.sm_52.ptx 393 : 291456 2739360 0 0 0 0 0 0 0 
euler3d.1.sm_52.ptx 392 : 291456 2813696 0 0 0 0 0 0 0 
euler3d.1.sm_52.ptx 391 : 291456 2770624 0 0 0 0 0 0 0 
euler3d.1.sm_52.ptx 390 : 291456 2810176 0 0 0 0 0 0 0 
euler3d.1.sm_52.ptx 389 : 291456 2749920 0 0 0 0 0 0 0 
euler3d.1.sm_52.ptx 388 : 291456 2909216 0 0 0 0 0 0 0 
euler3d.1.sm_52.ptx 387 : 291456 2982944 0 0 0 0 0 0 0 
euler3d.1.sm_52.ptx 386 : 291456 2981120 0 0 0 0 0 0 0 
euler3d.1.sm_52.ptx 385 : 291456 2794016 0 0 0 0 0 0 0 
euler3d.1.sm_52.ptx 384 : 291456 2770560 0 0 0 0 0 0 0 
euler3d.1.sm_52.ptx 383 : 291456 2741056 0 0 0 0 0 0 0 
euler3d.1.sm_52.ptx 382 : 291456 3043264 0 0 0 0 0 0 0 
euler3d.1.sm_52.ptx 381 : 291456 2982368 0 0 0 0 0 0 0 
euler3d.1.sm_52.ptx 380 : 291456 2948128 0 0 0 0 0 0 0 
euler3d.1.sm_52.ptx 379 : 291456 2984192 0 0 0 0 0 0 0 
euler3d.1.sm_52.ptx 378 : 291456 2963328 0 0 0 0 0 0 0 
euler3d.1.sm_52.ptx 377 : 291456 2983968 0 0 0 0 0 0 0 
euler3d.1.sm_52.ptx 376 : 291456 2910944 0 0 0 0 0 0 0 
euler3d.1.sm_52.ptx 375 : 291456 2984352 0 0 0 0 0 0 0 
euler3d.1.sm_52.ptx 374 : 291456 2791424 0 0 0 0 0 0 0 
euler3d.1.sm_52.ptx 373 : 291456 2753120 0 0 0 0 0 0 0 
euler3d.1.sm_52.ptx 372 : 291456 2697952 0 0 0 0 0 0 0 
euler3d.1.sm_52.ptx 371 : 291456 2847840 0 0 0 0 0 0 0 
euler3d.1.sm_52.ptx 370 : 291456 2764608 0 0 0 0 0 0 0 
euler3d.1.sm_52.ptx 369 : 291456 2792064 0 0 0 0 0 0 0 
euler3d.1.sm_52.ptx 368 : 291456 2756896 0 0 0 0 0 0 0 
euler3d.1.sm_52.ptx 367 : 291456 2745920 0 0 0 0 0 0 0 
euler3d.1.sm_52.ptx 366 : 291456 2764896 0 0 0 0 0 0 0 
euler3d.1.sm_52.ptx 365 : 291456 2787552 0 0 0 0 0 0 0 
euler3d.1.sm_52.ptx 364 : 291456 2753856 0 0 0 0 0 0 0 
euler3d.1.sm_52.ptx 363 : 291456 2740960 0 0 0 0 0 0 0 
euler3d.1.sm_52.ptx 362 : 291456 2763616 0 0 0 0 0 0 0 
euler3d.1.sm_52.ptx 361 : 291456 2778752 0 0 0 0 0 0 0 
euler3d.1.sm_52.ptx 360 : 291456 2749952 0 0 0 0 0 0 0 
euler3d.1.sm_52.ptx 359 : 291456 2751872 0 0 0 0 0 0 0 
euler3d.1.sm_52.ptx 358 : 291456 2690720 0 0 0 0 0 0 0 
euler3d.1.sm_52.ptx 357 : 291456 2686240 0 0 0 0 0 0 0 
euler3d.1.sm_52.ptx 686 : 1632 8390 0 0 0 0 0 0 0 
euler3d.1.sm_52.ptx 685 : 1632 15218 0 0 0 0 0 0 0 
euler3d.1.sm_52.ptx 684 : 1632 14853 0 0 0 0 0 0 0 
euler3d.1.sm_52.ptx 683 : 1632 6906 0 0 0 0 0 0 0 
euler3d.1.sm_52.ptx 682 : 1632 16426 0 0 0 0 0 0 0 
euler3d.1.sm_52.ptx 681 : 1632 15029 0 0 0 0 0 0 0 
euler3d.1.sm_52.ptx 680 : 1632 7282 0 0 0 0 0 0 0 
euler3d.1.sm_52.ptx 679 : 1632 15085 0 0 0 0 0 0 0 
euler3d.1.sm_52.ptx 678 : 1632 15276 0 0 0 0 0 0 0 
euler3d.1.sm_52.ptx 677 : 1632 6726 0 0 0 0 0 0 0 
euler3d.1.sm_52.ptx 676 : 1632 16491 0 0 0 0 0 0 0 
euler3d.1.sm_52.ptx 675 : 1632 15064 0 0 0 0 0 0 0 
euler3d.1.sm_52.ptx 674 : 1632 7564 0 0 0 0 0 0 0 
euler3d.1.sm_52.ptx 356 : 291456 7732288 0 0 0 0 0 0 0 
euler3d.1.sm_52.ptx 355 : 291456 2670272 0 0 0 0 0 0 0 
euler3d.1.sm_52.ptx 938 : 291456 1208512 0 0 0 36432 9108 0 0 
euler3d.1.sm_52.ptx 229 : 264318 3030921 0 0 0 0 0 0 0 
euler3d.1.sm_52.ptx 937 : 291456 2647680 0 0 0 0 0 0 0 
euler3d.1.sm_52.ptx 228 : 264318 2950341 0 0 0 0 0 0 0 
euler3d.1.sm_52.ptx 905 : 291456 3789216 0 0 0 0 0 0 0 
euler3d.1.sm_52.ptx 196 : 291456 2746080 0 0 0 0 0 0 0 
euler3d.1.sm_52.ptx 904 : 291456 4815968 0 0 0 0 0 0 0 
euler3d.1.sm_52.ptx 195 : 291456 3019264 0 0 0 0 0 0 0 
euler3d.1.sm_52.ptx 903 : 291456 4163072 0 0 0 0 0 0 0 
euler3d.1.sm_52.ptx 194 : 291456 2899168 0 0 0 0 0 0 0 
euler3d.1.sm_52.ptx 902 : 291456 6606112 0 0 0 0 0 0 0 
euler3d.1.sm_52.ptx 193 : 291456 2987968 0 0 0 0 0 0 0 
euler3d.1.sm_52.ptx 192 : 291456 2748800 0 0 0 0 0 0 0 
euler3d.1.sm_52.ptx 191 : 291456 2691296 0 0 0 0 0 0 0 
euler3d.1.sm_52.ptx 190 : 291456 2689376 0 0 0 0 0 0 0 
euler3d.1.sm_52.ptx 189 : 291456 7739968 0 0 0 0 0 0 0 
euler3d.1.sm_52.ptx 188 : 291456 13010304 0 0 0 0 0 0 0 
euler3d.1.sm_52.ptx 187 : 291456 2637408 0 0 0 0 0 0 0 
euler3d.1.sm_52.ptx 186 : 291456 2637888 0 0 0 0 0 0 0 
euler3d.1.sm_52.ptx 185 : 291456 2688384 0 0 0 0 0 0 0 
euler3d.1.sm_52.ptx 184 : 291456 146999040 801376 0 0 36432 9108 0 0 
euler3d.1.sm_52.ptx 183 : 291456 2628512 0 0 0 0 0 0 0 
euler3d.1.sm_52.ptx 182 : 291456 7769856 0 0 0 0 0 0 0 
euler3d.1.sm_52.ptx 181 : 291456 2668864 0 0 0 0 0 0 0 
euler3d.1.sm_52.ptx 180 : 291456 2628800 0 0 0 0 0 0 0 
euler3d.1.sm_52.ptx 179 : 291456 2627424 0 0 0 0 0 0 0 
euler3d.1.sm_52.ptx 178 : 291456 12998688 0 0 0 0 0 0 0 
euler3d.1.sm_52.ptx 177 : 291456 127527872 582656 0 0 36432 9108 0 0 
euler3d.1.sm_52.ptx 176 : 291456 12856160 0 0 0 0 0 0 0 
euler3d.1.sm_52.ptx 175 : 291456 130568576 581344 0 0 36432 9108 0 0 
euler3d.1.sm_52.ptx 174 : 291456 12909248 0 0 0 0 0 0 0 
euler3d.1.sm_52.ptx 173 : 291456 210832160 927392 0 0 36432 9108 0 0 
euler3d.1.sm_52.ptx 172 : 291456 167967808 582272 0 0 36432 9108 0 0 
euler3d.1.sm_52.ptx 171 : 291456 3848416 0 0 0 0 0 0 0 
euler3d.1.sm_52.ptx 170 : 291456 3474624 0 0 0 0 0 0 0 
euler3d.1.sm_52.ptx 169 : 291456 3498400 0 0 0 0 0 0 0 
euler3d.1.sm_52.ptx 168 : 291456 3329536 0 0 0 0 0 0 0 
euler3d.1.sm_52.ptx 167 : 291456 3415968 0 0 0 0 0 0 0 
euler3d.1.sm_52.ptx 166 : 291456 3328832 0 0 0 0 0 0 0 
euler3d.1.sm_52.ptx 165 : 291456 3490400 0 0 0 0 0 0 0 
euler3d.1.sm_52.ptx 164 : 291456 2569664 0 0 0 0 0 0 0 
euler3d.1.sm_52.ptx 163 : 291456 3331648 0 0 0 0 0 0 0 
euler3d.1.sm_52.ptx 162 : 291456 3366624 0 0 0 0 0 0 0 
euler3d.1.sm_52.ptx 161 : 291456 3695776 0 0 0 0 0 0 0 
euler3d.1.sm_52.ptx 160 : 291456 3042816 0 0 0 0 0 0 0 
euler3d.1.sm_52.ptx 159 : 291456 3551776 0 0 0 0 0 0 0 
euler3d.1.sm_52.ptx 158 : 291456 3483136 0 0 0 0 0 0 0 
euler3d.1.sm_52.ptx 866 : 25506 132564 0 0 0 0 0 0 0 
euler3d.1.sm_52.ptx 157 : 291456 3311456 0 0 0 0 0 0 0 
euler3d.1.sm_52.ptx 865 : 25506 236904 0 0 0 0 0 0 0 
euler3d.1.sm_52.ptx 156 : 291456 2400576 0 0 0 0 0 0 0 
euler3d.1.sm_52.ptx 864 : 25506 239274 0 0 0 0 0 0 0 
euler3d.1.sm_52.ptx 155 : 291456 2276224 0 0 0 0 0 0 0 
euler3d.1.sm_52.ptx 863 : 25506 233979 0 0 0 0 0 0 0 
euler3d.1.sm_52.ptx 154 : 291456 3362848 0 0 0 0 0 0 0 
euler3d.1.sm_52.ptx 153 : 291456 2001184 0 0 0 0 0 0 0 
euler3d.1.sm_52.ptx 152 : 291456 1831936 0 0 0 0 0 0 0 
euler3d.1.sm_52.ptx 151 : 291456 1951360 0 0 0 0 0 0 0 
euler3d.1.sm_52.ptx 150 : 291456 2825536 0 0 0 0 0 0 0 
euler3d.1.sm_52.ptx 149 : 291456 3429120 0 0 0 0 0 0 0 
euler3d.1.sm_52.ptx 148 : 291456 3795296 0 0 0 0 0 0 0 
euler3d.1.sm_52.ptx 147 : 291456 4012608 0 0 0 0 0 0 0 
euler3d.1.sm_52.ptx 146 : 291456 4390624 0 0 0 0 0 0 0 
euler3d.1.sm_52.ptx 128 : 97152 662720 0 0 0 0 0 0 0 
euler3d.1.sm_52.ptx 127 : 97152 857088 0 0 0 12144 3036 0 0 
euler3d.1.sm_52.ptx 126 : 97152 1065504 0 0 0 0 0 0 0 
euler3d.1.sm_52.ptx 125 : 97152 4414016 0 0 0 0 0 0 0 
euler3d.1.sm_52.ptx 124 : 97152 885120 0 0 0 0 0 0 0 
euler3d.1.sm_52.ptx 123 : 97152 880736 0 0 0 0 0 0 0 
euler3d.1.sm_52.ptx 936 : 291456 2640384 0 0 0 0 0 0 0 
euler3d.1.sm_52.ptx 227 : 264318 2946200 0 0 0 0 0 0 0 
euler3d.1.sm_52.ptx 60 : 291456 3786656 0 0 0 0 0 0 0 
euler3d.1.sm_52.ptx 935 : 291456 260030464 867712 0 0 36432 9108 0 0 
euler3d.1.sm_52.ptx 226 : 264318 2931459 0 0 0 0 0 0 0 
euler3d.1.sm_52.ptx 59 : 291456 9026432 0 0 0 36432 9108 0 0 
euler3d.1.sm_52.ptx 934 : 291456 2675936 0 0 0 0 0 0 0 
euler3d.1.sm_52.ptx 225 : 264318 2100348 0 0 0 0 0 0 0 
euler3d.1.sm_52.ptx 58 : 291456 5147648 0 0 0 0 0 0 0 
euler3d.1.sm_52.ptx 933 : 291456 291663456 1165824 0 0 36432 9108 0 0 
euler3d.1.sm_52.ptx 224 : 264318 2886744 0 0 0 0 0 0 0 
euler3d.1.sm_52.ptx 57 : 291456 5806688 0 0 0 0 0 0 0 
euler3d.1.sm_52.ptx 932 : 291456 2654720 0 0 0 0 0 0 0 
euler3d.1.sm_52.ptx 223 : 264318 2090155 0 0 0 0 0 0 0 
euler3d.1.sm_52.ptx 56 : 291456 6593824 0 0 0 36432 9108 0 0 
euler3d.1.sm_52.ptx 931 : 291456 2651488 0 0 0 0 0 0 0 
euler3d.1.sm_52.ptx 222 : 264318 2828079 0 0 0 0 0 0 0 
euler3d.1.sm_52.ptx 55 : 291456 4900992 0 0 0 0 0 0 0 
euler3d.1.sm_52.ptx 930 : 291456 1784608 0 0 0 0 0 0 0 
euler3d.1.sm_52.ptx 221 : 264318 1928386 0 0 0 0 0 0 0 
euler3d.1.sm_52.ptx 54 : 291456 4257600 0 0 0 0 0 0 0 
euler3d.1.sm_52.ptx 53 : 291456 4146528 0 0 0 0 0 0 0 
euler3d.1.sm_52.ptx 52 : 291456 3949888 0 0 0 0 0 0 0 
euler3d.1.sm_52.ptx 927 : 291456 2661376 0 0 0 0 0 0 0 
euler3d.1.sm_52.ptx 218 : 27138 152140 0 0 0 0 0 0 0 
euler3d.1.sm_52.ptx 51 : 291456 3766784 0 0 0 36432 9108 0 0 
euler3d.1.sm_52.ptx 926 : 291456 209521120 848768 0 0 36432 9108 0 0 
euler3d.1.sm_52.ptx 217 : 291456 1833274 0 0 0 0 0 0 4578 
euler3d.1.sm_52.ptx 50 : 291456 4108256 0 0 0 0 0 0 0 
euler3d.1.sm_52.ptx 925 : 291456 2812992 0 0 0 0 0 0 0 
euler3d.1.sm_52.ptx 216 : 291456 2777856 0 0 0 0 0 0 0 
euler3d.1.sm_52.ptx 49 : 291456 3988800 0 0 0 0 0 0 0 
euler3d.1.sm_52.ptx 924 : 291456 246169728 1165824 0 0 36432 9108 0 0 
euler3d.1.sm_52.ptx 215 : 291456 3052960 0 0 0 0 0 0 0 
euler3d.1.sm_52.ptx 48 : 291456 2994880 0 0 0 0 0 0 0 
euler3d.1.sm_52.ptx 923 : 291456 2885344 0 0 0 0 0 0 0 
euler3d.1.sm_52.ptx 214 : 291456 254775008 1165824 0 0 36432 9108 0 0 
euler3d.1.sm_52.ptx 47 : 291456 3900800 0 0 0 0 0 0 0 
euler3d.1.sm_52.ptx 922 : 291456 12999328 0 0 0 0 0 0 0 
euler3d.1.sm_52.ptx 213 : 291456 2646272 0 0 0 0 0 0 0 
euler3d.1.sm_52.ptx 46 : 291456 5054880 0 0 0 0 0 0 0 
euler3d.1.sm_52.ptx 911 : 291456 1799456 0 0 0 0 0 0 0 
euler3d.1.sm_52.ptx 202 : 291456 246034432 1165824 0 0 36432 9108 0 0 
euler3d.1.sm_52.ptx 35 : 291456 2181344 0 0 0 0 0 0 0 
euler3d.1.sm_52.ptx 114 : 97152 876576 0 0 0 0 0 0 0 
euler3d.1.sm_52.ptx 910 : 291456 1796864 0 0 0 0 0 0 0 
euler3d.1.sm_52.ptx 201 : 291456 2874368 0 0 0 0 0 0 0 
euler3d.1.sm_52.ptx 34 : 291456 1912480 0 0 0 0 0 0 0 
euler3d.1.sm_52.ptx 113 : 97152 875072 0 0 0 0 0 0 0 
euler3d.1.sm_52.ptx 909 : 291456 1894496 0 0 0 0 0 0 0 
euler3d.1.sm_52.ptx 200 : 291456 1895328 0 0 0 0 0 0 0 
euler3d.1.sm_52.ptx 33 : 291456 1986144 0 0 0 0 0 0 0 
euler3d.1.sm_52.ptx 112 : 97152 495296 0 0 0 0 0 0 0 
euler3d.1.sm_52.ptx 908 : 291456 2982688 0 0 0 0 0 0 0 
euler3d.1.sm_52.ptx 199 : 291456 2773088 0 0 0 0 0 0 0 
euler3d.1.sm_52.ptx 32 : 291456 2540064 0 0 0 0 0 0 0 
euler3d.1.sm_52.ptx 111 : 97152 883264 0 0 0 0 0 0 0 
euler3d.1.sm_52.ptx 906 : 291456 3615552 0 0 0 0 0 0 0 
euler3d.1.sm_52.ptx 197 : 291456 2773248 0 0 0 0 0 0 0 
euler3d.1.sm_52.ptx 30 : 291456 57693312 0 0 0 0 0 0 0 
euler3d.1.sm_52.ptx 109 : 97152 894592 0 0 0 0 0 0 0 
euler3d.1.sm_52.ptx 907 : 291456 3561824 0 0 0 0 0 0 0 
euler3d.1.sm_52.ptx 198 : 291456 2725184 0 0 0 0 0 0 0 
euler3d.1.sm_52.ptx 31 : 291456 39454080 0 0 0 0 0 0 0 
euler3d.1.sm_52.ptx 110 : 97152 910464 0 0 0 0 0 0 0 
euler3d.1.sm_52.ptx 912 : 291456 1782304 0 0 0 0 0 0 0 
euler3d.1.sm_52.ptx 203 : 291456 2860768 0 0 0 0 0 0 0 
euler3d.1.sm_52.ptx 36 : 291456 3508896 0 0 0 0 0 0 0 
euler3d.1.sm_52.ptx 115 : 97152 885184 0 0 0 0 0 0 0 
euler3d.1.sm_52.ptx 913 : 291456 1774176 0 0 0 0 0 0 0 
euler3d.1.sm_52.ptx 204 : 291456 3048896 0 0 0 0 0 0 0 
euler3d.1.sm_52.ptx 37 : 291456 33835424 0 0 0 0 0 0 0 
euler3d.1.sm_52.ptx 116 : 97152 886016 0 0 0 0 0 0 0 
euler3d.1.sm_52.ptx 914 : 291456 2070560 0 0 0 0 0 0 0 
euler3d.1.sm_52.ptx 205 : 291456 2863104 0 0 0 0 0 0 0 
euler3d.1.sm_52.ptx 38 : 291456 3580416 0 0 0 0 0 0 0 
euler3d.1.sm_52.ptx 117 : 97152 4371072 0 0 0 0 0 0 0 
euler3d.1.sm_52.ptx 76 : 97152 1607968 0 0 0 0 0 0 0 
euler3d.1.sm_52.ptx 915 : 291456 3973888 0 0 0 0 0 0 0 
euler3d.1.sm_52.ptx 206 : 291456 2070496 0 0 0 0 0 0 0 
euler3d.1.sm_52.ptx 39 : 291456 3838176 0 0 0 0 0 0 0 
euler3d.1.sm_52.ptx 118 : 97152 2778368 0 0 0 0 0 0 0 
euler3d.1.sm_52.ptx 77 : 97152 1383648 0 0 0 0 0 0 0 
euler3d.1.sm_52.ptx 916 : 291456 3272384 0 0 0 0 0 0 0 
euler3d.1.sm_52.ptx 207 : 291456 2858016 0 0 0 0 0 0 0 
euler3d.1.sm_52.ptx 40 : 291456 3794752 0 0 0 36432 9108 0 0 
euler3d.1.sm_52.ptx 119 : 97152 977760 0 0 0 0 0 0 0 
euler3d.1.sm_52.ptx 78 : 97152 1646624 0 0 0 0 0 0 0 
euler3d.1.sm_52.ptx 917 : 291456 3252416 0 0 0 0 0 0 0 
euler3d.1.sm_52.ptx 208 : 291456 2862112 0 0 0 0 0 0 0 
euler3d.1.sm_52.ptx 41 : 291456 4508800 0 0 0 0 0 0 0 
euler3d.1.sm_52.ptx 120 : 97152 92352512 388608 0 0 12144 3036 0 0 
euler3d.1.sm_52.ptx 79 : 97152 1255520 0 0 0 0 0 0 0 
euler3d.1.sm_52.ptx 918 : 291456 252635648 1165824 0 0 36432 9108 0 0 
euler3d.1.sm_52.ptx 209 : 291456 3227456 0 0 0 0 0 0 0 
euler3d.1.sm_52.ptx 42 : 291456 4235520 0 0 0 0 0 0 0 
euler3d.1.sm_52.ptx 121 : 97152 2693408 0 0 0 0 0 0 0 
euler3d.1.sm_52.ptx 80 : 97152 960288 0 0 0 0 0 0 0 
euler3d.1.sm_52.ptx 919 : 291456 2181248 0 0 0 0 0 0 0 
euler3d.1.sm_52.ptx 210 : 291456 304954784 1165824 0 0 36432 9108 0 0 
euler3d.1.sm_52.ptx 43 : 291456 4381792 0 0 0 0 0 0 0 
euler3d.1.sm_52.ptx 122 : 97152 3389664 0 0 0 0 0 0 0 
euler3d.1.sm_52.ptx 920 : 291456 3374048 0 0 0 0 0 0 0 
euler3d.1.sm_52.ptx 211 : 291456 307196640 1165824 0 0 36432 9108 0 0 
euler3d.1.sm_52.ptx 44 : 291456 4545696 0 0 0 0 0 0 0 
euler3d.1.sm_52.ptx 921 : 291456 2128192 0 0 0 0 0 0 0 
euler3d.1.sm_52.ptx 212 : 291456 2657440 0 0 0 0 0 0 0 
euler3d.1.sm_52.ptx 45 : 291456 5435776 0 0 0 36432 9108 0 0 
euler3d.1.sm_52.ptx 81 : 97152 639840 0 0 0 0 0 0 0 
euler3d.1.sm_52.ptx 82 : 97152 610208 0 0 0 0 0 0 0 
euler3d.1.sm_52.ptx 83 : 97152 610720 0 0 0 0 0 0 0 
euler3d.1.sm_52.ptx 84 : 97152 609248 0 0 0 0 0 0 0 
euler3d.1.sm_52.ptx 85 : 97152 712000 0 0 0 0 0 0 0 
euler3d.1.sm_52.ptx 86 : 97152 1410016 0 0 0 0 0 0 0 
euler3d.1.sm_52.ptx 87 : 97152 1165408 0 0 0 0 0 0 0 
euler3d.1.sm_52.ptx 88 : 97152 1227424 0 0 0 0 0 0 0 
euler3d.1.sm_52.ptx 89 : 97152 159675904 388608 0 0 12144 3036 0 0 
euler3d.1.sm_52.ptx 90 : 97152 1428960 0 0 0 0 0 0 0 
euler3d.1.sm_52.ptx 91 : 97152 1380352 0 0 0 0 0 0 0 
euler3d.1.sm_52.ptx 92 : 97152 1571168 0 0 0 0 0 0 0 
euler3d.1.sm_52.ptx 93 : 97152 250895584 388608 0 0 12144 3036 0 0 
euler3d.1.sm_52.ptx 94 : 97152 1289504 0 0 0 0 0 0 0 
euler3d.1.sm_52.ptx 95 : 97152 975072 0 0 0 0 0 0 0 
euler3d.1.sm_52.ptx 96 : 97152 1210304 0 0 0 0 0 0 0 
euler3d.1.sm_52.ptx 97 : 97152 1507136 0 0 0 0 0 0 0 
euler3d.1.sm_52.ptx 98 : 97152 355237216 388608 0 0 12144 3036 0 0 
euler3d.1.sm_52.ptx 99 : 97152 2979520 0 0 0 0 0 0 0 
euler3d.1.sm_52.ptx 100 : 97152 5287552 0 0 0 0 0 0 0 
euler3d.1.sm_52.ptx 101 : 97152 8026272 0 0 0 0 0 0 0 
euler3d.1.sm_52.ptx 102 : 97152 374500064 388608 0 0 12144 3036 0 0 
euler3d.1.sm_52.ptx 103 : 97152 8919072 0 0 0 0 0 0 0 
euler3d.1.sm_52.ptx 104 : 97152 346070368 388608 0 0 12144 3036 0 0 
euler3d.1.sm_52.ptx 105 : 97152 11394912 0 0 0 0 0 0 0 
euler3d.1.sm_52.ptx 106 : 97152 5162816 0 0 0 0 0 0 0 
euler3d.1.sm_52.ptx 107 : 97152 4320960 0 0 0 0 0 0 0 
euler3d.1.sm_52.ptx 108 : 97152 890976 0 0 0 0 0 0 0 
euler3d.1.sm_52.ptx 939 : 291456 2646944 0 0 0 0 0 0 0 
euler3d.1.sm_52.ptx 230 : 264318 3394272 0 0 0 0 0 0 0 
euler3d.1.sm_52.ptx 940 : 291456 2927648 0 0 0 0 0 0 0 
euler3d.1.sm_52.ptx 231 : 264318 5277099 0 0 0 0 0 0 0 
euler3d.1.sm_52.ptx 941 : 291456 2640128 0 0 0 0 0 0 0 
euler3d.1.sm_52.ptx 232 : 264318 191564042 224 0 0 201069 9093 0 0 
euler3d.1.sm_52.ptx 942 : 291456 368329600 1165824 0 0 36432 9108 0 0 
euler3d.1.sm_52.ptx 233 : 264318 195531158 0 0 0 201069 9093 0 0 
euler3d.1.sm_52.ptx 943 : 291456 2654976 0 0 0 0 0 0 0 
euler3d.1.sm_52.ptx 234 : 264318 12815568 0 0 0 0 0 0 0 
euler3d.1.sm_52.ptx 944 : 291456 338100096 953984 0 0 36432 9108 0 0 
euler3d.1.sm_52.ptx 235 : 264318 224454832 0 0 0 201069 9093 0 0 
euler3d.1.sm_52.ptx 626 : 27138 172575 0 0 0 0 0 0 0 
euler3d.1.sm_52.ptx 289 : 264318 2609871 0 0 0 0 0 0 0 
euler3d.1.sm_52.ptx 627 : 27138 171597 0 0 0 0 0 0 0 
euler3d.1.sm_52.ptx 290 : 264318 2489175 0 0 0 0 0 0 0 
euler3d.1.sm_52.ptx 945 : 291456 2637600 0 0 0 0 0 0 0 
euler3d.1.sm_52.ptx 236 : 264318 12096372 0 0 0 0 0 0 0 
euler3d.1.sm_52.ptx 946 : 291456 2644064 0 0 0 0 0 0 0 
euler3d.1.sm_52.ptx 237 : 264318 212419560 64 0 0 201069 9093 0 0 
euler3d.1.sm_52.ptx 628 : 27138 163834 0 0 0 0 0 0 0 
euler3d.1.sm_52.ptx 291 : 264318 2570343 0 0 0 0 0 0 0 
euler3d.1.sm_52.ptx 947 : 291456 1199776 0 0 0 36432 9108 0 0 
euler3d.1.sm_52.ptx 238 : 264318 11923396 0 0 0 0 0 0 0 
euler3d.1.sm_52.ptx 948 : 291456 2642464 0 0 0 0 0 0 0 
euler3d.1.sm_52.ptx 239 : 264318 2603742 0 0 0 0 0 0 0 
euler3d.1.sm_52.ptx 629 : 27138 161427 0 0 0 0 0 0 0 
euler3d.1.sm_52.ptx 292 : 264318 2520017 0 0 0 0 0 0 0 
euler3d.1.sm_52.ptx 949 : 291456 2634720 0 0 0 0 0 0 0 
euler3d.1.sm_52.ptx 240 : 264318 2498201 0 0 0 0 0 0 0 
euler3d.1.sm_52.ptx 630 : 27138 140610 0 0 0 0 0 0 51 
euler3d.1.sm_52.ptx 293 : 264318 2562919 0 0 0 0 0 0 0 
euler3d.1.sm_52.ptx 950 : 291456 2637920 0 0 0 0 0 0 0 
euler3d.1.sm_52.ptx 241 : 264318 2565834 0 0 0 0 0 0 0 
euler3d.1.sm_52.ptx 951 : 291456 481633440 1165824 0 0 36432 9108 0 0 
euler3d.1.sm_52.ptx 242 : 264318 2434198 0 0 0 0 0 0 0 
euler3d.1.sm_52.ptx 952 : 291456 2746112 0 0 0 0 0 0 0 
euler3d.1.sm_52.ptx 243 : 264318 2479176 0 0 0 0 0 0 0 
euler3d.1.sm_52.ptx 953 : 291456 489532832 1124864 0 0 36432 9108 0 0 
euler3d.1.sm_52.ptx 244 : 264318 194389917 0 0 0 201069 9093 0 0 
euler3d.1.sm_52.ptx 954 : 291456 2634080 0 0 0 0 0 0 0 
euler3d.1.sm_52.ptx 245 : 264318 2463285 0 0 0 0 0 0 0 
euler3d.1.sm_52.ptx 955 : 291456 2638144 0 0 0 0 0 0 0 
euler3d.1.sm_52.ptx 246 : 264318 2427119 0 0 0 0 0 0 0 
euler3d.1.sm_52.ptx 956 : 291456 1193088 0 0 0 36432 9108 0 0 
euler3d.1.sm_52.ptx 247 : 264318 2432177 0 0 0 0 0 0 0 
euler3d.1.sm_52.ptx 957 : 291456 2629856 0 0 0 0 0 0 0 
euler3d.1.sm_52.ptx 248 : 264318 11858272 0 0 0 0 0 0 0 
euler3d.1.sm_52.ptx 958 : 291456 2638176 0 0 0 0 0 0 0 
euler3d.1.sm_52.ptx 249 : 264318 7111755 0 0 0 0 0 0 0 
euler3d.1.sm_52.ptx 959 : 291456 2633856 0 0 0 0 0 0 0 
euler3d.1.sm_52.ptx 250 : 264318 2715174 0 0 0 0 0 0 0 
euler3d.1.sm_52.ptx 960 : 291456 478769600 1165824 0 0 36432 9108 0 0 
euler3d.1.sm_52.ptx 251 : 264318 2685633 0 0 0 0 0 0 0 
euler3d.1.sm_52.ptx 961 : 291456 2646976 0 0 0 0 0 0 0 
euler3d.1.sm_52.ptx 252 : 264318 2691066 0 0 0 0 0 0 0 
euler3d.1.sm_52.ptx 962 : 291456 477660672 1164416 0 0 36432 9108 0 0 
euler3d.1.sm_52.ptx 253 : 264318 2689730 0 0 0 0 0 0 0 
euler3d.1.sm_52.ptx 963 : 291456 2641056 0 0 0 0 0 0 0 
euler3d.1.sm_52.ptx 254 : 264318 7703807 0 0 0 0 0 0 0 
euler3d.1.sm_52.ptx 964 : 291456 2679264 0 0 0 0 0 0 0 
euler3d.1.sm_52.ptx 255 : 264318 2428769 0 0 0 0 0 0 0 
euler3d.1.sm_52.ptx 965 : 291456 1209568 0 0 0 36432 9108 0 0 
euler3d.1.sm_52.ptx 256 : 264318 2418908 0 0 0 0 0 0 0 
euler3d.1.sm_52.ptx 966 : 291456 1516928 0 0 0 0 0 0 0 
euler3d.1.sm_52.ptx 257 : 264318 7385855 0 0 0 0 0 0 0 
euler3d.1.sm_52.ptx 258 : 264318 2453579 0 0 0 0 0 0 0 
euler3d.1.sm_52.ptx 259 : 264318 2432469 0 0 0 0 0 0 0 
euler3d.1.sm_52.ptx 260 : 264318 2483102 0 0 0 0 0 0 0 
euler3d.1.sm_52.ptx 261 : 264318 2488623 0 0 0 0 0 0 0 
euler3d.1.sm_52.ptx 262 : 264318 2525995 0 0 0 0 0 0 0 
euler3d.1.sm_52.ptx 263 : 264318 2450382 0 0 0 0 0 0 0 
euler3d.1.sm_52.ptx 264 : 264318 2436157 0 0 0 0 0 0 0 
euler3d.1.sm_52.ptx 265 : 264318 2446023 0 0 0 0 0 0 0 
euler3d.1.sm_52.ptx 266 : 264318 2504352 0 0 0 0 0 0 0 
euler3d.1.sm_52.ptx 267 : 264318 2450002 0 0 0 0 0 0 0 
euler3d.1.sm_52.ptx 268 : 264318 2441405 0 0 0 0 0 0 0 
euler3d.1.sm_52.ptx 269 : 264318 2440187 0 0 0 0 0 0 0 
euler3d.1.sm_52.ptx 270 : 264318 2491014 0 0 0 0 0 0 0 
euler3d.1.sm_52.ptx 271 : 264318 2434214 0 0 0 0 0 0 0 
euler3d.1.sm_52.ptx 272 : 264318 2500467 0 0 0 0 0 0 0 
euler3d.1.sm_52.ptx 304 : 291456 1844672 0 0 0 0 0 0 0 
euler3d.1.sm_52.ptx 641 : 1632 15145 0 0 0 0 0 0 0 
euler3d.1.sm_52.ptx 305 : 291456 2847264 0 0 0 0 0 0 0 
euler3d.1.sm_52.ptx 642 : 1632 286466 0 0 0 0 0 0 0 
euler3d.1.sm_52.ptx 273 : 264318 2450172 0 0 0 0 0 0 0 
euler3d.1.sm_52.ptx 274 : 264318 2520325 0 0 0 0 0 0 0 
euler3d.1.sm_52.ptx 275 : 264318 2548094 0 0 0 0 0 0 0 
euler3d.1.sm_52.ptx 276 : 264318 2726072 0 0 0 0 0 0 0 
euler3d.1.sm_52.ptx 277 : 264318 2651030 0 0 0 0 0 0 0 
euler3d.1.sm_52.ptx 278 : 264318 2728981 0 0 0 0 0 0 0 
euler3d.1.sm_52.ptx 279 : 264318 2689118 0 0 0 0 0 0 0 
euler3d.1.sm_52.ptx 280 : 264318 2728794 0 0 0 0 0 0 0 
euler3d.1.sm_52.ptx 281 : 264318 2683926 0 0 0 0 0 0 0 
euler3d.1.sm_52.ptx 282 : 264318 2720351 0 0 0 0 0 0 0 
euler3d.1.sm_52.ptx 283 : 264318 2758079 0 0 0 0 0 0 0 
euler3d.1.sm_52.ptx 284 : 264318 2480681 0 0 0 0 0 0 0 
euler3d.1.sm_52.ptx 285 : 264318 2525352 0 0 0 0 0 0 0 
euler3d.1.sm_52.ptx 286 : 264318 2549287 0 0 0 0 0 0 0 
euler3d.1.sm_52.ptx 287 : 264318 2733430 0 0 0 0 0 0 0 
euler3d.1.sm_52.ptx 288 : 264318 2729616 0 0 0 0 0 0 0 
euler3d.1.sm_52.ptx 294 : 264318 2476141 0 0 0 0 0 0 0 
euler3d.1.sm_52.ptx 295 : 264318 2517234 0 0 0 0 0 0 0 
euler3d.1.sm_52.ptx 632 : 1632 10366 0 0 0 0 0 0 0 
euler3d.1.sm_52.ptx 296 : 264318 2543824 0 0 0 0 0 0 0 
euler3d.1.sm_52.ptx 633 : 1632 10104 0 0 0 0 0 0 0 
euler3d.1.sm_52.ptx 297 : 264318 2520842 0 0 0 0 0 0 0 
euler3d.1.sm_52.ptx 634 : 1632 10487 0 0 0 0 0 0 0 
euler3d.1.sm_52.ptx 298 : 264318 2551158 0 0 0 0 0 0 0 
euler3d.1.sm_52.ptx 635 : 1632 11281 0 0 0 0 0 0 0 
euler3d.1.sm_52.ptx 299 : 264318 2582927 0 0 0 0 0 0 0 
euler3d.1.sm_52.ptx 636 : 1632 0 0 0 0 0 0 0 0 
euler3d.1.sm_52.ptx 300 : 264318 2531152 0 0 0 0 0 0 0 
euler3d.1.sm_52.ptx 301 : 264318 2745896 0 0 0 0 0 0 0 
euler3d.1.sm_52.ptx 638 : 1632 14772 0 0 0 0 0 0 0 
euler3d.1.sm_52.ptx 306 : 291456 258325152 1165824 0 0 36432 9108 0 0 
euler3d.1.sm_52.ptx 643 : 1632 14905 0 0 0 0 0 0 0 
euler3d.1.sm_52.ptx 639 : 1632 11678 0 0 0 0 0 0 0 
euler3d.1.sm_52.ptx 640 : 1632 15242 0 0 0 0 0 0 0 
euler3d.1.sm_52.ptx 307 : 291456 2797216 0 0 0 0 0 0 0 
euler3d.1.sm_52.ptx 644 : 1632 14778 0 0 0 0 0 0 0 
euler3d.1.sm_52.ptx 308 : 291456 3012096 0 0 0 0 0 0 0 
euler3d.1.sm_52.ptx 645 : 1632 383777 0 0 0 0 0 0 0 
euler3d.1.sm_52.ptx 309 : 291456 3166528 0 0 0 0 0 0 0 
euler3d.1.sm_52.ptx 646 : 1632 15007 0 0 0 0 0 0 0 
euler3d.1.sm_52.ptx 310 : 291456 271126880 1165824 0 0 36432 9108 0 0 
euler3d.1.sm_52.ptx 647 : 1632 14950 0 0 0 0 0 0 0 
euler3d.1.sm_52.ptx 311 : 291456 272851424 1165824 0 0 36432 9108 0 0 
euler3d.1.sm_52.ptx 648 : 1632 405751 0 0 0 0 0 0 0 
euler3d.1.sm_52.ptx 312 : 291456 2639776 0 0 0 0 0 0 0 
euler3d.1.sm_52.ptx 649 : 1632 15228 0 0 0 0 0 0 0 
euler3d.1.sm_52.ptx 313 : 291456 2673344 0 0 0 0 0 0 0 
euler3d.1.sm_52.ptx 650 : 1632 15700 0 0 0 0 0 0 0 
euler3d.1.sm_52.ptx 314 : 291456 237137344 1165824 0 0 36432 9108 0 0 
euler3d.1.sm_52.ptx 651 : 1632 345337 0 0 0 0 0 0 0 
euler3d.1.sm_52.ptx 315 : 291456 2666624 0 0 0 0 0 0 0 
euler3d.1.sm_52.ptx 652 : 1632 15015 0 0 0 0 0 0 0 
euler3d.1.sm_52.ptx 316 : 291456 1843936 0 0 0 0 0 0 0 
euler3d.1.sm_52.ptx 653 : 1632 15038 0 0 0 0 0 0 0 
euler3d.1.sm_52.ptx 317 : 291456 1560448 0 0 0 0 0 0 0 
euler3d.1.sm_52.ptx 654 : 1632 8891 0 0 0 0 0 0 0 
euler3d.1.sm_52.ptx 321 : 291456 1815264 0 0 0 0 0 0 0 
euler3d.1.sm_52.ptx 658 : 1632 8474 0 0 0 0 0 0 0 
euler3d.1.sm_52.ptx 322 : 291456 2730752 0 0 0 0 0 0 0 
euler3d.1.sm_52.ptx 659 : 1632 15033 0 0 0 0 0 0 0 
euler3d.1.sm_52.ptx 323 : 291456 2105408 0 0 0 0 0 0 0 
euler3d.1.sm_52.ptx 660 : 1632 15065 0 0 0 0 0 0 0 
euler3d.1.sm_52.ptx 324 : 291456 2740000 0 0 0 0 0 0 0 
euler3d.1.sm_52.ptx 661 : 1632 6533 0 0 0 0 0 0 0 
euler3d.1.sm_52.ptx 325 : 291456 2716512 0 0 0 0 0 0 0 
euler3d.1.sm_52.ptx 662 : 1632 14804 0 0 0 0 0 0 0 
euler3d.1.sm_52.ptx 326 : 291456 2957984 0 0 0 0 0 0 0 
euler3d.1.sm_52.ptx 663 : 1632 15109 0 0 0 0 0 0 0 
euler3d.1.sm_52.ptx 327 : 291456 2702752 0 0 0 0 0 0 0 
euler3d.1.sm_52.ptx 664 : 1632 6536 0 0 0 0 0 0 0 
euler3d.1.sm_52.ptx 328 : 291456 2732832 0 0 0 0 0 0 0 
euler3d.1.sm_52.ptx 665 : 1632 14982 0 0 0 0 0 0 0 
euler3d.1.sm_52.ptx 329 : 291456 2703264 0 0 0 0 0 0 0 
euler3d.1.sm_52.ptx 666 : 1632 15031 0 0 0 0 0 0 0 
euler3d.1.sm_52.ptx 330 : 291456 2819424 0 0 0 0 0 0 0 
euler3d.1.sm_52.ptx 667 : 1632 6468 0 0 0 0 0 0 0 
euler3d.1.sm_52.ptx 331 : 291456 123492448 128 0 0 103524 9108 0 0 
euler3d.1.sm_52.ptx 668 : 1632 15035 0 0 0 0 0 0 0 
euler3d.1.sm_52.ptx 332 : 291456 127133760 160 0 0 103524 9108 0 0 
euler3d.1.sm_52.ptx 669 : 1632 15037 0 0 0 0 0 0 0 
euler3d.1.sm_52.ptx 333 : 291456 12893344 0 0 0 0 0 0 0 
euler3d.1.sm_52.ptx 670 : 1632 8016 0 0 0 0 0 0 0 
euler3d.1.sm_52.ptx 334 : 291456 118530944 128 0 0 103524 9108 0 0 
euler3d.1.sm_52.ptx 671 : 1632 15057 0 0 0 0 0 0 0 
euler3d.1.sm_52.ptx 335 : 291456 12967168 0 0 0 0 0 0 0 
euler3d.1.sm_52.ptx 672 : 1632 15060 0 0 0 0 0 0 0 
euler3d.1.sm_52.ptx 336 : 291456 101733152 192 0 0 103524 9108 0 0 
euler3d.1.sm_52.ptx 673 : 1632 15031 0 0 0 0 0 0 0 
euler3d.1.sm_52.ptx 655 : 1632 14815 0 0 0 0 0 0 0 
euler3d.1.sm_52.ptx 656 : 1632 14815 0 0 0 0 0 0 0 
euler3d.1.sm_52.ptx 657 : 1632 15059 0 0 0 0 0 0 0 
euler3d.1.sm_52.ptx 337 : 291456 12997696 0 0 0 0 0 0 0 
euler3d.1.sm_52.ptx 338 : 291456 2647392 0 0 0 0 0 0 0 
euler3d.1.sm_52.ptx 339 : 291456 2655168 0 0 0 0 0 0 0 
euler3d.1.sm_52.ptx 340 : 291456 2711808 0 0 0 0 0 0 0 
euler3d.1.sm_52.ptx 341 : 291456 2687360 0 0 0 0 0 0 0 
euler3d.1.sm_52.ptx 342 : 291456 2654368 0 0 0 0 0 0 0 
euler3d.1.sm_52.ptx 343 : 291456 84007776 128 0 0 103524 9108 0 0 
euler3d.1.sm_52.ptx 344 : 291456 2678688 0 0 0 0 0 0 0 
euler3d.1.sm_52.ptx 345 : 291456 2663840 0 0 0 0 0 0 0 
euler3d.1.sm_52.ptx 346 : 291456 2667200 0 0 0 0 0 0 0 
euler3d.1.sm_52.ptx 347 : 291456 13075616 0 0 0 0 0 0 0 
euler3d.1.sm_52.ptx 348 : 291456 7798752 0 0 0 0 0 0 0 
euler3d.1.sm_52.ptx 349 : 291456 2958048 0 0 0 0 0 0 0 
euler3d.1.sm_52.ptx 350 : 291456 2946400 0 0 0 0 0 0 0 
euler3d.1.sm_52.ptx 351 : 291456 2942432 0 0 0 0 0 0 0 
euler3d.1.sm_52.ptx 352 : 291456 2942656 0 0 0 0 0 0 0 
euler3d.1.sm_52.ptx 353 : 291456 8419936 0 0 0 0 0 0 0 
euler3d.1.sm_52.ptx 354 : 291456 2674528 0 0 0 0 0 0 0 
