kernel line : count latency dram_traffic smem_bk_conflicts smem_warp gmem_access_generated gmem_warp exposed_latency warp_divergence
kmeans.1.sm_52.ptx 287 : 131072 1017920 0 0 0 16384 4096 0 0 
kmeans.1.sm_52.ptx 286 : 131072 1351008 0 0 0 0 0 0 0 
kmeans.1.sm_52.ptx 285 : 131072 1359584 0 0 0 0 0 0 0 
kmeans.1.sm_52.ptx 284 : 131072 967968 0 0 0 0 0 0 0 
kmeans.1.sm_52.ptx 282 : 135424 27616 0 0 0 0 0 0 0 
kmeans.1.sm_52.ptx 244 : 131072 892224 0 0 0 0 0 0 0 
kmeans.1.sm_52.ptx 243 : 655360 3835328 0 0 0 0 0 0 0 
kmeans.1.sm_52.ptx 194 : 1310720 13334496 0 0 0 0 0 0 0 
kmeans.1.sm_52.ptx 193 : 1310720 13346112 0 0 0 0 0 0 0 
kmeans.1.sm_52.ptx 192 : 1310720 13613280 0 0 0 0 0 0 0 
kmeans.1.sm_52.ptx 191 : 1310720 12348192 0 0 0 0 0 0 0 
kmeans.1.sm_52.ptx 190 : 1310720 102260928 418176 0 0 163840 40960 0 0 
kmeans.1.sm_52.ptx 189 : 1310720 34458048 0 0 0 40960 40960 0 0 
kmeans.1.sm_52.ptx 188 : 1310720 13772288 0 0 0 0 0 0 0 
kmeans.1.sm_52.ptx 187 : 1310720 13700576 0 0 0 0 0 0 0 
kmeans.1.sm_52.ptx 186 : 1310720 12417664 0 0 0 0 0 0 0 
kmeans.1.sm_52.ptx 185 : 1310720 105257728 406656 0 0 163840 40960 0 0 
kmeans.1.sm_52.ptx 184 : 1310720 34540608 0 0 0 40960 40960 0 0 
kmeans.1.sm_52.ptx 183 : 1310720 13936576 0 0 0 0 0 0 0 
kmeans.1.sm_52.ptx 182 : 1310720 13674912 0 0 0 0 0 0 0 
kmeans.1.sm_52.ptx 181 : 1310720 12394560 0 0 0 0 0 0 0 
kmeans.1.sm_52.ptx 180 : 1310720 117602912 402944 0 0 163840 40960 0 0 
kmeans.1.sm_52.ptx 179 : 1310720 52445696 0 0 0 40960 40960 0 0 
kmeans.1.sm_52.ptx 176 : 655360 5789664 0 0 0 0 0 0 0 
kmeans.1.sm_52.ptx 175 : 655360 5381408 0 0 0 0 0 0 0 
kmeans.1.sm_52.ptx 174 : 655360 5393024 0 0 0 0 0 0 0 
kmeans.1.sm_52.ptx 173 : 655360 5409344 0 0 0 0 0 0 0 
kmeans.1.sm_52.ptx 172 : 655360 7119712 0 0 0 0 0 0 0 
kmeans.1.sm_52.ptx 171 : 655360 7003616 0 0 0 0 0 0 0 
kmeans.1.sm_52.ptx 169 : 655360 0 0 0 0 0 0 0 0 
kmeans.1.sm_52.ptx 168 : 655360 5254688 0 0 0 0 0 0 0 
kmeans.1.sm_52.ptx 167 : 655360 5343840 0 0 0 0 0 0 0 
kmeans.1.sm_52.ptx 166 : 655360 7235040 0 0 0 0 0 0 0 
kmeans.1.sm_52.ptx 163 : 131072 1125536 0 0 0 0 0 0 0 
kmeans.1.sm_52.ptx 162 : 131072 939488 0 0 0 0 0 0 0 
kmeans.1.sm_52.ptx 161 : 131072 920416 0 0 0 0 0 0 0 
kmeans.1.sm_52.ptx 160 : 131072 939392 0 0 0 0 0 0 0 
kmeans.1.sm_52.ptx 159 : 131072 959616 0 0 0 0 0 0 0 
kmeans.1.sm_52.ptx 158 : 131072 988704 0 0 0 0 0 0 0 
kmeans.1.sm_52.ptx 157 : 131072 1018336 0 0 0 0 0 0 0 
kmeans.1.sm_52.ptx 156 : 131072 1061568 0 0 0 0 0 0 0 
kmeans.1.sm_52.ptx 64 : 262144 27246560 0 0 0 262144 8192 0 0 
kmeans.1.sm_52.ptx 143 : 131072 932224 0 0 0 0 0 0 0 
kmeans.1.sm_52.ptx 63 : 262144 21451968 0 0 0 32768 8192 0 0 
kmeans.1.sm_52.ptx 62 : 262144 8712768 0 0 0 0 0 0 0 
kmeans.1.sm_52.ptx 141 : 135424 32032 0 0 0 0 0 0 0 
kmeans.1.sm_52.ptx 61 : 262144 29293184 0 0 0 262144 8192 0 0 
kmeans.1.sm_52.ptx 140 : 135424 957696 0 0 0 0 0 0 0 
kmeans.1.sm_52.ptx 60 : 262144 28416672 0 0 0 32768 8192 0 0 
kmeans.1.sm_52.ptx 139 : 135424 979648 0 0 0 0 0 0 0 
kmeans.1.sm_52.ptx 59 : 262144 211628544 2810112 0 0 262144 8192 0 0 
kmeans.1.sm_52.ptx 138 : 135424 999904 0 0 0 0 0 0 0 
kmeans.1.sm_52.ptx 56 : 131072 12040448 0 0 0 0 0 0 0 
kmeans.1.sm_52.ptx 135 : 135424 1088992 0 0 0 0 0 0 0 
kmeans.1.sm_52.ptx 55 : 131072 4894880 0 0 0 0 0 0 0 
kmeans.1.sm_52.ptx 134 : 135424 1477952 0 0 0 0 0 0 0 
kmeans.1.sm_52.ptx 54 : 131072 3449664 0 0 0 0 0 0 0 
kmeans.1.sm_52.ptx 133 : 135424 1028960 0 0 0 0 0 0 0 
kmeans.1.sm_52.ptx 53 : 131072 3119488 0 0 0 0 0 0 0 
kmeans.1.sm_52.ptx 132 : 135424 1061632 0 0 0 0 0 0 0 
kmeans.1.sm_52.ptx 52 : 131072 2243584 0 0 0 0 0 0 0 
kmeans.1.sm_52.ptx 131 : 135424 1624192 0 0 0 0 0 0 0 
kmeans.1.sm_52.ptx 51 : 131072 2332704 0 0 0 0 0 0 0 
kmeans.1.sm_52.ptx 130 : 135424 1476928 0 0 0 0 0 0 0 
kmeans.1.sm_52.ptx 50 : 131072 2009408 0 0 0 0 0 0 0 
kmeans.1.sm_52.ptx 129 : 135424 917760 0 0 0 0 0 0 0 
kmeans.1.sm_52.ptx 49 : 131072 2261600 0 0 0 0 0 0 0 
kmeans.1.sm_52.ptx 128 : 135424 930528 0 0 0 0 0 0 0 
kmeans.1.sm_52.ptx 47 : 131072 0 0 0 0 0 0 0 0 
kmeans.1.sm_52.ptx 126 : 135424 1780032 0 0 0 0 0 0 0 
kmeans.1.sm_52.ptx 46 : 131072 1252832 0 0 0 0 0 0 0 
kmeans.1.sm_52.ptx 125 : 135424 1869312 0 0 0 0 0 0 0 
kmeans.1.sm_52.ptx 45 : 131072 1249888 0 0 0 0 0 0 0 
kmeans.1.sm_52.ptx 124 : 135424 1759904 0 0 0 0 0 0 0 
kmeans.1.sm_52.ptx 200 : 1310720 13994432 0 0 0 0 0 0 0 
kmeans.1.sm_52.ptx 33 : 135424 1265472 0 0 0 0 0 0 0 
kmeans.1.sm_52.ptx 199 : 1310720 13437408 0 0 0 0 0 0 0 
kmeans.1.sm_52.ptx 32 : 135424 1650560 0 0 0 0 0 0 0 
kmeans.1.sm_52.ptx 198 : 1310720 13511936 0 0 0 0 0 0 0 
kmeans.1.sm_52.ptx 31 : 135424 2240640 0 0 0 0 0 0 0 
kmeans.1.sm_52.ptx 67 : 262144 22560896 0 0 0 262144 8192 0 0 
kmeans.1.sm_52.ptx 197 : 1310720 12296992 0 0 0 0 0 0 0 
kmeans.1.sm_52.ptx 30 : 135424 8855424 0 0 0 0 0 0 0 
kmeans.1.sm_52.ptx 65 : 262144 8434304 0 0 0 0 0 0 0 
kmeans.1.sm_52.ptx 144 : 131072 1102848 0 0 0 0 0 0 0 
kmeans.1.sm_52.ptx 195 : 1310720 33691200 0 0 0 40960 40960 0 0 
kmeans.1.sm_52.ptx 28 : 135424 26287136 0 0 0 0 0 0 0 
kmeans.1.sm_52.ptx 66 : 262144 13929376 0 0 0 32768 8192 0 0 
kmeans.1.sm_52.ptx 196 : 1310720 101368384 424320 0 0 163840 40960 0 0 
kmeans.1.sm_52.ptx 29 : 135424 18897472 0 0 0 0 0 0 0 
kmeans.1.sm_52.ptx 201 : 1310720 14356512 0 0 0 0 0 0 0 
kmeans.1.sm_52.ptx 34 : 135424 1074944 0 0 0 0 0 0 0 
kmeans.1.sm_52.ptx 202 : 1310720 9777600 0 0 0 0 0 0 0 
kmeans.1.sm_52.ptx 35 : 135424 1109088 0 0 0 0 0 0 0 
kmeans.1.sm_52.ptx 203 : 1310720 4563904 0 0 0 0 0 0 0 
kmeans.1.sm_52.ptx 36 : 135424 1657600 0 0 0 0 0 0 0 
kmeans.1.sm_52.ptx 37 : 135424 1914848 0 0 0 0 0 0 0 
kmeans.1.sm_52.ptx 38 : 135424 1397600 0 0 0 0 0 0 0 
kmeans.1.sm_52.ptx 206 : 655360 4699296 0 0 0 0 0 0 0 
kmeans.1.sm_52.ptx 39 : 135424 1088576 0 0 0 0 0 0 0 
kmeans.1.sm_52.ptx 40 : 135424 1163456 0 0 0 0 0 0 0 
kmeans.1.sm_52.ptx 41 : 135424 33568 0 0 0 0 0 0 0 
kmeans.1.sm_52.ptx 43 : 131072 1563616 0 0 0 0 0 0 0 
kmeans.1.sm_52.ptx 122 : 135424 3469248 0 0 0 0 0 0 0 
kmeans.1.sm_52.ptx 44 : 131072 1138464 0 0 0 0 0 0 0 
kmeans.1.sm_52.ptx 290 : 135424 906368 0 0 0 0 0 0 0 
kmeans.1.sm_52.ptx 123 : 135424 1798176 0 0 0 0 0 0 0 
kmeans.1.sm_52.ptx 68 : 262144 6405376 0 0 0 0 0 0 0 
kmeans.1.sm_52.ptx 69 : 262144 6742592 0 0 0 0 0 0 0 
kmeans.1.sm_52.ptx 148 : 131072 1813472 0 0 0 0 0 0 0 
kmeans.1.sm_52.ptx 70 : 262144 7900384 0 0 0 32768 8192 0 0 
kmeans.1.sm_52.ptx 149 : 131072 1120224 0 0 0 0 0 0 0 
kmeans.1.sm_52.ptx 238 : 655360 5143904 0 0 0 0 0 0 0 
kmeans.1.sm_52.ptx 71 : 262144 4902112 0 0 0 0 0 0 0 
kmeans.1.sm_52.ptx 150 : 131072 1663456 0 0 0 0 0 0 0 
kmeans.1.sm_52.ptx 239 : 655360 5079616 0 0 0 0 0 0 0 
kmeans.1.sm_52.ptx 72 : 262144 4892672 0 0 0 0 0 0 0 
kmeans.1.sm_52.ptx 151 : 131072 1517824 0 0 0 0 0 0 0 
kmeans.1.sm_52.ptx 240 : 655360 5277408 0 0 0 0 0 0 0 
kmeans.1.sm_52.ptx 73 : 262144 4729024 0 0 0 0 0 0 0 
kmeans.1.sm_52.ptx 152 : 131072 1493888 0 0 0 0 0 0 0 
kmeans.1.sm_52.ptx 241 : 655360 6783712 0 0 0 0 0 0 0 
kmeans.1.sm_52.ptx 74 : 262144 4320992 0 0 0 0 0 0 0 
kmeans.1.sm_52.ptx 153 : 131072 1107968 0 0 0 0 0 0 0 
kmeans.1.sm_52.ptx 242 : 655360 4905824 0 0 0 0 0 0 0 
kmeans.1.sm_52.ptx 75 : 262144 3307872 0 0 0 0 0 0 0 
kmeans.1.sm_52.ptx 154 : 131072 1539008 0 0 0 0 0 0 0 
kmeans.1.sm_52.ptx 78 : 131072 1149088 0 0 0 0 0 0 0 
kmeans.1.sm_52.ptx 79 : 131072 1116768 0 0 0 0 0 0 0 
kmeans.1.sm_52.ptx 100 : 135424 998112 0 0 0 0 0 0 0 
kmeans.1.sm_52.ptx 121 : 135424 1851488 0 0 0 0 0 0 0 
kmeans.1.sm_52.ptx 127 : 135424 1863264 0 0 0 0 0 0 0 
kmeans.1.sm_52.ptx 136 : 135424 1957664 0 0 0 0 0 0 0 
kmeans.1.sm_52.ptx 137 : 135424 1069120 0 0 0 0 0 0 0 
kmeans.1.sm_52.ptx 155 : 131072 1498560 0 0 0 0 0 0 0 
