******starting******

******command: j count=512, rSize=512 
0    840187    513
1    394382    513
2    783099    513
3    798440    513
4    911647    513
5    197551    513
6    335222    513
7    768229    513
8    277774    513
9    553970    513
10    477397    513
11    628870    513
12    364784    513
13    513400    513
14    952229    513
15    916195    513
16    635711    513
17    717296    513
18    141602    513
19    606968    513
20    16300    513
21    242886    513
22    137231    513
23    804176    513
24    156679    513
25    400944    513
26    129790    513
27    108808    513
28    998924    513
29    218256    513
30    512932    513
31    839112    513
32    612639    513
33    296031    513
34    637552    513
35    524287    513
36    493583    513
37    972775    513
38    292516    513
39    771357    513
40    526744    513
41    769913    513
42    400228    513
43    891529    513
44    283314    513
45    352458    513
46    807724    513
47    919026    513
48    69755    513
49    949327    513
50    525995    513
51    86055    513
52    192213    513
53    663226    513
54    890232    513
55    348892    513
56    64171    513
57    20023    513
58    457701    513
59    63095    513
60    238279    513
61    970634    513
62    902208    513
63    850919    513
64    266665    513
65    539760    513
66    375206    513
67    760248    513
68    512535    513
69    667723    513
70    531606    513
71    39280    513
72    437637    513
73    931835    513
74    930809    513
75    720952    513
76    284293    513
77    738534    513
78    639978    513
79    354048    513
80    687861    513
81    165974    513
82    440104    513
83    880075    513
84    829201    513
85    330337    513
86    228968    513
87    893372    513
88    350360    513
89    686669    513
90    956468    513
91    588640    513
92    657304    513
93    858676    513
94    439559    513
95    923969    513
96    398436    513
97    814766    513
98    684218    513
99    910972    513
100    482490    513
101    215824    513
102    950252    513
103    920128    513
104    147660    513
105    881062    513
106    641080    513
107    431953    513
108    619596    513
109    281059    513
110    786002    513
111    307457    513
112    447033    513
113    226106    513
114    187533    513
115    276234    513
116    556443    513
117    416501    513
118    169607    513
119    906803    513
120    103171    513
121    126075    513
122    495444    513
123    760475    513
124    984751    513
125    935004    513
126    684445    513
127    383188    513
128    749770    513
129    368663    513
130    294160    513
131    232261    513
132    584488    513
133    244412    513
134    152389    513
135    732148    513
136    125474    513
137    793470    513
138    164101    513
139    745071    513
140    74529    513
141    950104    513
142    52529    513
143    521563    513
144    176210    513
145    240062    513
146    797798    513
147    732654    513
148    656563    513
149    967405    513
150    639458    513
151    759734    513
152    93480    513
153    134902    513
154    520210    513
155    78232    513
156    69906    513
157    204655    513
158    461420    513
159    819677    513
160    573318    513
161    755580    513
162    51938    513
163    157807    513
164    999488    512
165    204328    513
166    889955    513
167    125468    513
168    997799    513
169    54057    513
170    870539    513
171    72328    513
172    4161    513
173    923069    513
174    593892    513
175    180372    513
176    163131    513
177    391690    513
178    913026    513
179    819695    513
180    359095    513
181    552485    513
182    579430    513
183    452575    513
184    687387    513
185    99640    513
186    530808    513
187    757293    513
188    304295    513
189    992228    513
190    576971    513
191    877613    513
192    747809    513
193    628909    513
194    35420    513
195    747802    513
196    833238    513
197    925376    513
198    873271    513
199    831037    513
200    979434    513
201    743811    513
202    903366    513
203    983595    513
204    666880    513
205    497258    513
206    163968    513
207    830011    513
208    888948    513
209    76994    513
210    649706    513
211    248044    513
212    629479    513
213    229136    513
214    700619    513
215    316867    513
216    328777    513
217    231427    513
218    74160    513
219    633072    513
220    223656    513
221    651132    513
222    510685    513
223    971465    513
224    280042    513
225    546106    513
226    719268    513
227    113280    513
228    471483    513
229    592539    513
230    944318    513
231    450917    513
232    336351    513
233    847684    513
234    434513    513
235    3231    513
236    344942    513
237    598481    513
238    833243    513
239    233891    513
240    675475    513
241    482950    513
242    481935    513
243    304955    513
244    712087    513
245    182555    513
246    621822    513
247    40864    513
248    413983    513
249    695983    513
250    673936    513
251    637640    513
252    347115    513
253    184622    513
254    609105    513
255    627157    513
256    730729    513
257    328374    513
258    740438    513
259    202212    513
260    920914    513
261    684756    513
262    653130    513
263    257265    513
264    532440    513
265    87643    513
266    260496    513
267    877383    513
268    686124    513
269    93740    513
270    111275    513
271    361600    513
272    576690    513
273    593211    513
274    666556    513
275    288777    513
276    775767    513
277    288379    513
278    329642    513
279    189750    513
280    984363    513
281    3578    513
282    827391    513
283    331479    513
284    188201    513
285    436497    513
286    958636    513
287    918930    513
288    764871    513
289    699075    513
290    121143    513
291    685785    513
292    383831    513
293    774273    513
294    943051    513
295    916272    513
296    861917    513
297    203548    513
298    793656    513
299    548042    513
300    297288    513
301    904932    513
302    909642    513
303    873979    513
304    498143    513
305    576199    513
306    162756    513
307    273911    513
308    864578    513
309    492398    513
310    463662    513
311    848942    513
312    495977    513
313    291053    513
314    180421    513
315    684178    513
316    727550    513
317    139058    513
318    603108    513
319    492421    513
320    838133    513
321    724252    513
322    178207    513
323    221965    513
324    498525    513
325    121258    513
326    138238    513
327    360442    513
328    324807    513
329    931895    513
330    908484    513
331    622095    513
332    836827    513
333    818127    513
334    496074    513
335    334971    513
336    394327    513
337    658831    513
338    608882    513
339    258906    513
340    151229    513
341    72545    513
342    107848    513
343    647207    513
344    363598    513
345    288269    513
346    331385    513
347    91148    513
348    427327    513
349    934494    513
350    583570    513
351    265461    513
352    658746    513
353    761777    513
354    487426    513
355    157272    513
356    883036    513
357    625665    513
358    517714    513
359    207843    513
360    557560    513
361    426199    513
362    829939    513
363    394388    513
364    244327    513
365    326013    513
366    729360    513
367    638654    513
368    984844    513
369    338242    513
370    897560    513
371    136074    513
372    410787    513
373    5408    513
374    783282    513
375    774386    513
376    293678    513
377    114667    513
378    865534    513
379    721005    513
380    49162    513
381    449105    513
382    986467    513
383    707909    513
384    210882    513
385    473893    513
386    865181    513
387    93919    513
388    99559    513
389    382895    513
390    301763    513
391    657119    513
392    809095    513
393    131702    513
394    51508    513
395    53422    513
396    457715    513
397    780868    513
398    692076    513
399    442560    513
400    119111    513
401    589636    513
402    578634    513
403    529899    513
404    595045    513
405    361916    513
406    304285    513
407    888723    513
408    476584    513
409    169820    513
410    609729    513
411    525747    513
412    618925    513
413    596196    513
414    233656    513
415    829808    513
416    70090    513
417    98837    513
418    923727    513
419    169649    513
420    481733    513
421    225490    513
422    826769    513
423    290828    513
424    357193    513
425    878277    513
426    344250    513
427    814908    513
428    659146    513
429    36327    513
430    257468    513
431    778257    513
432    625964    513
433    836103    513
434    308156    513
435    221009    513
436    198020    513
437    612442    513
438    109732    513
439    674605    513
440    782262    513
441    719461    513
442    200352    513
443    401187    513
444    315658    513
445    434008    513
446    230995    513
447    385748    513
448    532846    513
449    154723    513
450    555397    513
451    14579    513
452    380214    513
453    382167    513
454    305408    513
455    737407    513
456    260444    513
457    649659    513
458    552316    513
459    919590    513
460    685986    513
461    809785    513
462    697848    513
463    311950    513
464    645889    513
465    6004    513
466    532959    513
467    843909    513
468    618446    513
469    642692    513
470    518514    513
471    400709    513
472    362154    513
473    718867    513
474    801896    513
475    677812    513
476    152875    513
477    32892    513
478    63560    513
479    685721    513
480    187616    513
481    618958    513
482    700301    513
483    567831    513
484    1125    513
485    5709    513
486    305238    513
487    261570    513
488    655368    513
489    857555    513
490    181161    513
491    341354    513
492    667340    513
493    879009    513
494    653304    513
495    313229    513
496    885014    513
497    186264    513
498    157139    513
499    503461    513
500    828957    513
501    675654    513
502    904170    513
503    191111    513
504    394521    513
505    706066    513
506    868924    513
507    547397    513
508    738959    513
509    932484    513
510    233118    513
511    926575    513
[CPU-VERIFY] findRangeK run 1: PASS (512/512)
 

 ******command: k count=512 
0    551442
1    933420
2    494406
3    552568
4    939129
5    799645
6    814138
7    594497
8    657200
9    995299
10    935851
11    324541
12    874309
13    589156
14    637770
15    759323
16    775421
17    794910
18    262784
19    604378
20    470564
21    166954
22    795490
23    865085
24    873021
25    664414
26    412482
27    611980
28    596899
29    645601
30    538556
31    148341
32    579021
33    32963
34    700910
35    518150
36    832609
37    515049
38    112647
39    489810
40    510349
41    48499
42    814351
43    384658
44    637656
45    452122
46    143982
47    413077
48    247032
49    406766
50    17456
51    717596
52    573721
53    812947
54    582682
55    446742
56    477361
57    995164
58    58723
59    74260
60    640766
61    597279
62    222602
63    219787
64    630243
65    923512
66    737938
67    462852
68    438561
69    850586
70    952662
71    948910
72    899086
73    767013
74    333569
75    536742
76    219136
77    477551
78    949820
79    466168
80    884317
81    967276
82    183765
83    458039
84    780223
85    766447
86    904781
87    257585
88    761612
89    963504
90    331845
91    402378
92    560784
93    554448
94    622166
95    191027
96    477960
97    360105
98    653879
99    916522
100    210691
101    606542
102    865433
103    109777
104    373555
105    199002
106    646520
107    592691
108    676553
109    596340
110    58860
111    560871
112    563617
113    242625
114    18910
115    343841
116    9073
117    923692
118    601426
119    770685
120    887197
121    933272
122    173064
123    447981
124    487720
125    795231
126    639009
127    965681
128    155336
129    292889
130    882204
131    366027
132    899431
133    747637
134    475805
135    272987
136    946640
137    122325
138    865679
139    623194
140    718666
141    924539
142    184066
143    282283
144    167165
145    202976
146    626125
147    176238
148    126669
149    227551
150    946924
151    13866
152    160824
153    119989
154    461847
155    648545
156    915220
157    100856
158    614226
159    70556
160    393746
161    496430
162    436584
163    293177
164    244068
165    912390
166    566164
167    190709
168    34716
169    431843
170    813903
171    753382
172    356383
173    997969
174    35666
175    523548
176    200946
177    661791
178    699787
179    327616
180    889343
181    646711
182    341482
183    50167
184    766701
185    803330
186    698713
187    681921
188    904187
189    312939
190    752478
191    297933
192    809370
193    189063
194    591110
195    53439
196    101454
197    157275
198    244148
199    136170
200    589118
201    58052
202    889553
203    945501
204    56022
205    925219
206    469050
207    256969
208    587011
209    168837
210    584585
211    476354
212    815549
213    926067
214    526522
215    582250
216    729397
217    225235
218    264171
219    633584
220    538175
221    16650
222    931518
223    347545
224    205714
225    522628
226    400985
227    307168
228    679903
229    645134
230    443338
231    269022
232    703186
233    332892
234    214523
235    759208
236    258111
237    683574
238    16177
239    845122
240    852411
241    600762
242    321477
243    667960
244    526830
245    848000
246    250210
247    256227
248    73235
249    514382
250    889812
251    611410
252    531032
253    821330
254    958956
255    736746
256    343959
257    359942
258    43915
259    23863
260    5076
261    487254
262    292885
263    708262
264    820146
265    507409
266    467470
267    78257
268    190983
269    483648
270    923380
271    43394
272    84410
273    244858
274    711354
275    611241
276    92858
277    961565
278    867469
279    166094
280    475947
281    757281
282    777505
283    6980
284    578612
285    736461
286    743727
287    922572
288    96404
289    787642
290    946435
291    101480
292    274896
293    239320
294    809742
295    95042
296    746730
297    277213
298    173300
299    937713
300    760862
301    96681
302    981108
303    845273
304    341539
305    692463
306    456514
307    434398
308    654028
309    323983
310    600492
311    129975
312    81265
313    377997
314    136956
315    659877
316    114459
317    880683
318    582449
319    210863
320    668325
321    528884
322    312343
323    943222
324    768205
325    122086
326    38264
327    514935
328    399299
329    211565
330    452649
331    160161
332    308246
333    433758
334    5434
335    649786
336    126221
337    461949
338    84184
339    780250
340    785932
341    684676
342    910226
343    867197
344    62673
345    47182
346    527074
347    177132
348    927865
349    109524
350    387996
351    596191
352    638409
353    700339
354    539413
355    406615
356    822425
357    577678
358    921551
359    221725
360    789243
361    374200
362    381887
363    97490
364    807959
365    387322
366    747277
367    934181
368    849271
369    831461
370    714431
371    635203
372    516138
373    624658
374    502401
375    578812
376    671840
377    29476
378    755945
379    599706
380    139000
381    143941
382    195897
383    777410
384    844281
385    735311
386    184025
387    666707
388    312989
389    105576
390    888432
391    102233
392    479777
393    270320
394    199723
395    287736
396    657643
397    947001
398    221917
399    506914
400    778462
401    936349
402    142118
403    294601
404    561007
405    644519
406    873413
407    232848
408    673996
409    629359
410    832554
411    812996
412    773300
413    28452
414    590407
415    617582
416    763763
417    774432
418    284289
419    76753
420    880008
421    172722
422    178986
423    359785
424    443042
425    378710
426    647522
427    100685
428    325711
429    869439
430    607600
431    104174
432    805789
433    749718
434    398775
435    366796
436    394238
437    272189
438    599644
439    68234
440    901548
441    432199
442    881231
443    674849
444    460651
445    471638
446    292431
447    224415
448    246071
449    576721
450    301168
451    126079
452    749443
453    480155
454    485865
455    192485
456    858866
457    133388
458    293171
459    184577
460    2827
461    900771
462    288751
463    808616
464    650490
465    687527
466    175413
467    44729
468    959716
469    775057
470    112964
471    861265
472    207256
473    994196
474    536114
475    667908
476    465834
477    828546
478    892323
479    711905
480    405267
481    193492
482    837985
483    154710
484    673648
485    323851
486    347196
487    532514
488    457239
489    640367
490    717091
491    460067
492    541139
493    5843
494    268684
495    191630
496    693370
497    444097
498    236359
499    653086
500    219154
501    349324
502    514351
503    426411
504    343520
505    50466
506    94319
507    809354
508    879012
509    986643
510    521260
511    284279
[CPU-VERIFY] findK run 1: PASS (512/512)
 
